477	162	10
0.6791515350341797	5.741521835327148	-0.04778201878070831	0.75	0.59375	1.0	9	0.0	0	0.0	0	0.0	1.0	0.0	-1.0	0.0	0.0	0.0	0.0	1.0
0.32915163040161133	5.741521835327148	-0.653999924659729	0.78515625	0.53125	1.0	9	0.0	0	0.0	0	0.0	1.0	0.0	-1.0	0.0	0.0	0.0	0.0	1.0
-0.37084826827049255	5.741521835327148	-0.653999924659729	0.859375	0.53125	1.0	9	0.0	0	0.0	0	0.0	1.0	0.0	-1.0	0.0	0.0	0.0	0.0	1.0
-0.3708484172821045	5.741521835327148	0.5584356784820557	0.9996827244758606	0.5332765579223633	1.0	9	0.0	0	0.0	0	-0.8660255074501038	0.0	0.49999985098838806	0.49999988079071045	0.0	0.8660255074501038	0.0	1.0	0.0
-0.7208483219146729	4.379440784454346	-0.04778219759464264	0.9278414249420166	0.39348554611206055	1.0	9	0.0	0	0.0	0	-0.8660255074501038	0.0	0.49999985098838806	0.49999988079071045	0.0	0.8660255670547485	0.0	1.0	0.0
-0.3708484172821045	4.379440784454346	0.5584356784820557	0.9996827244758606	0.39348554611206055	1.0	9	0.0	0	0.0	0	-0.8660255074501038	0.0	0.49999985098838806	0.49999988079071045	0.0	0.8660255074501038	0.0	1.0	0.0
0.32915130257606506	5.741521835327148	0.5584356784820557	0.6404761075973511	0.5332765579223633	1.0	9	0.0	0	0.0	0	0.0	0.0	1.0	1.0	0.0	0.0	0.0	1.0	0.0
-0.3708484172821045	4.379440784454346	0.5584356784820557	0.5686348080635071	0.39348557591438293	1.0	9	0.0	0	0.0	0	0.0	0.0	1.0	1.0	0.0	0.0	0.0	1.0	0.0
0.32915130257606506	4.379440784454346	0.5584356784820557	0.6404761672019958	0.39348557591438293	1.0	9	0.0	0	0.0	0	0.0	0.0	1.0	1.0	0.0	0.0	0.0	1.0	0.0
0.32915163040161133	4.379440784454346	-0.653999924659729	0.85546875	0.39453125	1.0	9	0.0	0	0.0	0	0.0	-1.0	0.0	-0.4999997913837433	0.0	-0.8660255074501038	0.8660255074501038	0.0	-0.4999997913837433
0.6791515350341797	4.379440784454346	-0.04778201878070831	0.78515625	0.39453125	1.0	9	0.0	0	0.0	0	0.0	-1.0	0.0	-0.4999997913837433	0.0	-0.866025447845459	0.866025447845459	0.0	-0.4999997913837433
0.32915130257606506	4.379440784454346	0.5584356784820557	0.74609375	0.33203125	1.0	9	0.0	0	0.0	0	0.0	-1.0	0.0	-0.4999997615814209	0.0	-0.8660255074501038	0.8660255074501038	0.0	-0.4999997615814209
-2.017787456512451	2.3313937187194824	-0.04871363192796707	0.7265625	0.71484375	1.0	6	0.0	0	0.0	0	-0.8296865224838257	0.2509486675262451	-0.49864327907562256	-0.5202881693840027	-0.023935634642839432	0.8536553382873535	0.20228829979896545	0.9677044153213501	0.15042468905448914
-1.306864619255066	4.105133056640625	-0.3389524221420288	0.68359375	0.90625	1.0	5	0.0	0	0.0	0	-0.8296865224838257	0.2509486675262451	-0.49864327907562256	-0.5202881693840027	-0.023935625329613686	0.8536552786827087	0.20228831470012665	0.9677044153213501	0.15042468905448914
-1.9377537965774536	2.299544334411621	-0.19790929555892944	0.70703125	0.7109375	1.0	6	0.0	0	0.0	0	-0.8296865224838257	0.2509486675262451	-0.49864327907562256	-0.5202881693840027	-0.02393563650548458	0.8536553382873535	0.20228829979896545	0.9677044153213501	0.15042468905448914
-1.9377537965774536	2.299544334411621	-0.19790929555892944	0.70703125	0.7109375	1.0	6	0.0	0	0.0	0	-0.027216756716370583	-0.06839311122894287	-0.9972872138023376	-0.9291324615478516	0.3697470426559448	-1.796184534441636e-07	0.3687439560890198	0.9266118407249451	-0.07360956817865372
-0.995476245880127	3.9812164306640625	-0.3389524221420288	0.6484375	0.90234375	1.0	5	0.0	0	0.0	0	-0.027216756716370583	-0.06839311122894287	-0.9972872138023376	-0.9291324615478516	0.3697470426559448	-1.796184534441636e-07	0.3687439560890198	0.9266118407249451	-0.07360956817865372
-1.7776859998703003	2.2358455657958984	-0.19790926575660706	0.69140625	0.7109375	1.0	6	0.0	0	0.0	0	-0.027216756716370583	-0.06839311122894287	-0.9972872138023376	-0.9291325211524963	0.3697470426559448	-1.7776085314835655e-07	0.3687439560890198	0.9266119003295898	-0.07360956817865372
-0.995476245880127	3.9812164306640625	-0.3389524221420288	0.6484375	0.90234375	1.0	5	0.0	0	0.0	0	0.7752519249916077	-0.3877342641353607	-0.49864476919174194	-0.5484364032745361	-0.021540069952607155	-0.8359147906303406	0.3133719563484192	0.9215194582939148	-0.22934657335281372
-1.697651982307434	2.203996181488037	-0.04871360957622528	0.67578125	0.70703125	1.0	6	0.0	0	0.0	0	0.7752519249916077	-0.3877342641353607	-0.49864476919174194	-0.5484364032745361	-0.02154006063938141	-0.8359148502349854	0.3133719861507416	0.9215195178985596	-0.22934655845165253
-1.7776859998703003	2.2358455657958984	-0.19790926575660706	0.69140625	0.7109375	1.0	6	0.0	0	0.0	0	0.7752519249916077	-0.3877342641353607	-0.49864476919174194	-0.5484364032745361	-0.021540071815252304	-0.8359148502349854	0.3133719563484192	0.9215195178985596	-0.22934657335281372
-0.8397819995880127	3.9192581176757812	-0.048713475465774536	0.8203125	0.90234375	1.0	5	0.0	0	0.0	0	0.775252103805542	-0.3877341151237488	0.4986446797847748	0.4645671248435974	-0.18487407267093658	-0.8660247325897217	0.42797380685806274	0.9030414819717407	0.03680450841784477
-1.7776859998703003	2.2358455657958984	0.10048206150531769	0.76171875	0.7109375	1.0	6	0.0	0	0.0	0	0.775252103805542	-0.3877341151237488	0.4986446797847748	0.4645671248435974	-0.18487407267093658	-0.8660247325897217	0.42797380685806274	0.9030414819717407	0.03680450841784477
-1.697651982307434	2.203996181488037	-0.04871360957622528	0.77734375	0.7109375	1.0	6	0.0	0	0.0	0	0.775252103805542	-0.3877341151237488	0.4986446797847748	0.4645671844482422	-0.18487407267093658	-0.8660247921943665	0.42797383666038513	0.9030414819717407	0.036804527044296265
-0.8397819995880127	3.9192581176757812	-0.048713475465774536	0.8076046705245972	0.23600010573863983	1.0	5	0.0	0	0.0	0	0.36974653601646423	0.9291326999664307	3.0638662451565324e-07	-0.9291326999664307	0.36974653601646423	2.7761109322455013e-07	1.4465214803749404e-07	-3.8731951690351707e-07	1.0
-0.995476245880127	3.9812164306640625	-0.3389524221420288	0.8248023986816406	0.20621272921562195	1.0	5	0.0	0	0.0	0	0.36974653601646423	0.9291326999664307	3.0638662451565324e-07	-0.9291326403617859	0.36974653601646423	2.7761109322455013e-07	1.4465216224834876e-07	-3.873195453252265e-07	1.0
-1.4625587463378906	4.167090892791748	-0.04871357977390289	0.8763955235481262	0.23600007593631744	1.0	5	0.0	0	0.0	0	0.36974653601646423	0.9291326999664307	3.0638662451565324e-07	-0.9291326403617859	0.36974653601646423	2.7761109322455013e-07	1.4465216224834876e-07	-3.873195453252265e-07	1.0
-0.995476245880127	3.9812164306640625	0.24152535200119019	0.78515625	0.90625	1.0	5	0.0	0	0.0	0	-0.027217019349336624	-0.0683930516242981	0.9972871541976929	0.9867163300514221	-0.16167877614498138	0.015840746462345123	0.1601567566394806	0.9844706654548645	0.07188495993614197
-1.9377537965774536	2.299544334411621	0.1004820466041565	0.74609375	0.71484375	1.0	6	0.0	0	0.0	0	-0.027217019349336624	-0.0683930516242981	0.9972871541976929	0.9867163300514221	-0.1616787612438202	0.015840748324990273	0.1601567268371582	0.984470546245575	0.07188495248556137
-1.7776859998703003	2.2358455657958984	0.10048206150531769	0.76171875	0.7109375	1.0	6	0.0	0	0.0	0	-0.027217019349336624	-0.0683930516242981	0.9972871541976929	0.9867163300514221	-0.1616787612438202	0.015840748324990273	0.1601567268371582	0.984470546245575	0.07188495248556137
-1.9377537965774536	2.299544334411621	0.1004820466041565	0.74609375	0.71484375	1.0	6	0.0	0	0.0	0	-0.8296866416931152	0.2509486973285675	0.4986431300640106	0.4645656943321228	-0.1848738193511963	0.8660257458686829	0.30951404571533203	0.950182318687439	0.03680518642067909
-1.4625587463378906	4.167090892791748	-0.04871357977390289	0.71875	0.91015625	1.0	5	0.0	0	0.0	0	-0.8296866416931152	0.2509486973285675	0.4986431300640106	0.464565634727478	-0.1848738193511963	0.8660256266593933	0.3095140755176544	0.950182318687439	0.036805201321840286
-2.017787456512451	2.3313937187194824	-0.04871363192796707	0.7265625	0.71484375	1.0	6	0.0	0	0.0	0	-0.8296866416931152	0.2509486973285675	0.4986431300640106	0.464565634727478	-0.1848738193511963	0.8660256266593933	0.3095140755176544	0.950182318687439	0.036805201321840286
-1.7776859998703003	2.2358455657958984	0.10048206150531769	0.76171875	0.7109375	1.0	6	0.0	0	0.0	0	-0.3697470426559448	-0.9291324615478516	0.0	0.6442380547523499	-0.25637367367744446	-0.7205761075019836	0.6695106625556946	-0.26643088459968567	0.6933758854866028
-1.9377537965774536	2.299544334411621	0.1004820466041565	0.75	0.69921875	1.0	6	0.0	0	0.0	0	-0.3697470426559448	-0.9291324615478516	0.0	0.6442380547523499	-0.25637367367744446	-0.7205760478973389	0.6695106029510498	-0.26643088459968567	0.6933758854866028
-1.9377537965774536	2.299544334411621	-0.19790929555892944	0.7734375	0.6796875	1.0	6	0.0	0	0.0	0	-0.3697470426559448	-0.9291324615478516	0.0	0.6442380547523499	-0.25637367367744446	-0.7205760478973389	0.6695106029510498	-0.2664308547973633	0.6933759450912476
-1.0461660623550415	0.0014569759368896484	-0.0477822870016098	0.17746692895889282	0.027864310890436172	1.0	3	0.0	0	0.0	0	-0.8729673027992249	0.07743816077709198	-0.4815927743911743	-0.48744651675224304	-0.1020553708076477	0.867168128490448	0.01800277642905712	0.9917601346969604	0.12683795392513275
-0.5796841382980347	2.7886199951171875	-0.4451940059661865	0.08956911414861679	0.30724358558654785	0	0	0	0	0	0	-0.8729673027992249	0.07743816077709198	-0.4815927743911743	-0.4874465763568878	-0.1020553782582283	0.8671681880950928	0.01800278015434742	0.9917600750923157	0.12683795392513275
-0.9433965682983398	0.0014536380767822266	-0.23406964540481567	0.15574663877487183	0.025628868490457535	1.0	3	0.0	0	0.0	0	-0.8729673027992249	0.07743816077709198	-0.4815927743911743	-0.48744654655456543	-0.10205536335706711	0.8671681880950928	0.018002785742282867	0.9917600750923157	0.12683793902397156
-0.9433965682983398	0.0014536380767822266	-0.23406964540481567	0.15574663877487183	0.025628868490457535	1.0	3	0.0	0	0.0	0	3.596874762479274e-07	-0.11163146793842316	-0.9937496185302734	-0.9945251941680908	-0.1038438007235527	0.01166478730738163	-0.10449691116809845	0.9883091449737549	-0.11102035641670227
-0.14770634472370148	2.4050345420837402	-0.5040723085403442	0.04859236627817154	0.26396840810775757	0	0	0	0	0	0	3.596874762479274e-07	-0.11163146793842316	-0.9937496185302734	-0.9945251941680908	-0.1038438230752945	0.011664790101349354	-0.10449693351984024	0.9883091449737549	-0.11102035641670227
-0.7378575801849365	0.0014536380767822266	-0.2340695858001709	0.13476765155792236	0.023424552753567696	1.0	3	0.0	0	0.0	0	3.596874762479274e-07	-0.11163146793842316	-0.9937496185302734	-0.9945252537727356	-0.1038438156247139	0.01166478917002678	-0.10449691116809845	0.9883090853691101	-0.11102034896612167
-0.14770634472370148	2.4050345420837402	-0.5040723085403442	0.04859236627817154	0.26396840810775757	0	0	0	0	0	0	0.8454866409301758	-0.2599882483482361	-0.466431587934494	-0.5304205417633057	-0.3079698085784912	-0.7898156642913818	0.061695925891399384	0.9151834845542908	-0.39828747510910034
-0.6350879669189453	0.0014536380767822266	-0.04778219014406204	0.11407285183668137	0.01646016724407673	1.0	3	0.0	0	0.0	0	0.8454866409301758	-0.2599882483482361	-0.466431587934494	-0.5304205417633057	-0.3079697787761688	-0.7898156046867371	0.06169593334197998	0.915183424949646	-0.39828741550445557
-0.7378575801849365	0.0014536380767822266	-0.2340695858001709	0.13476765155792236	0.023424552753567696	1.0	3	0.0	0	0.0	0	0.8454866409301758	-0.2599882483482361	-0.466431587934494	-0.5304204821586609	-0.30796974897384644	-0.7898155450820923	0.061695948243141174	0.9151834845542908	-0.39828741550445557
-0.6350879669189453	0.0014536380767822266	-0.04778219014406204	0.24119137227535248	0.037258073687553406	1.0	3	0.0	0	0.0	0	0.8454872369766235	-0.25998812913894653	0.4664306342601776	0.48304152488708496	3.3087935946696234e-08	-0.8755974173545837	0.2276449203491211	0.9656118154525757	0.12558509409427643
-0.14770659804344177	2.4050345420837402	0.40850815176963806	0.22430846095085144	0.2927244007587433	0	0	0	0	0	0	0.8454872369766235	-0.25998812913894653	0.4664306342601776	0.48304158449172974	2.533968412876675e-08	-0.8755974769592285	0.2276449054479599	0.9656117558479309	0.12558507919311523
-0.7378575801849365	0.0014536380767822266	0.1385056972503662	0.21935614943504333	0.037258073687553406	1.0	3	0.0	0	0.0	0	0.8454872369766235	-0.25998812913894653	0.4664306342601776	0.48304158449172974	2.533968412876675e-08	-0.8755974769592285	0.2276449054479599	0.9656117558479309	0.12558507919311523
-0.5796841382980347	2.7886199951171875	-0.4451940059661865	0.2836059033870697	0.3803352415561676	0	0	0	0	0	0	0.5701477527618408	0.8210700750350952	-0.02785051427781582	0.28283193707466125	-0.22799964249134064	-0.9316771030426025	-0.7713221311569214	0.5233166217803955	-0.36221829056739807
-0.578762412071228	2.814833641052246	0.34648823738098145	0.2075018733739853	0.3517501950263977	0	0	0	0	0	0	0.5701477527618408	0.8210700750350952	-0.02785051427781582	0.28283196687698364	-0.22799964249134064	-0.9316770434379578	-0.7713219523429871	0.5233165621757507	-0.36221829056739807
0.10401582717895508	2.3273415565490723	-0.04778207838535309	0.27783238887786865	0.2850327789783478	0	0	0	0	0	0	0.5701477527618408	0.8210700750350952	-0.02785051427781582	0.28283196687698364	-0.22799965739250183	-0.9316771626472473	-0.7713219523429871	0.5233165621757507	-0.36221829056739807
-0.14770659804344177	2.4050345420837402	0.40850815176963806	0.22430846095085144	0.2927244007587433	0	0	0	0	0	0	0.0	-0.11163130402565002	0.993749737739563	0.9759117364883423	-0.2168022096157074	-0.024354131892323494	0.2181657999753952	0.9698119163513184	0.10894228518009186
-0.9433965682983398	0.0014536380767822266	0.1385056972503662	0.19876982271671295	0.03265595808625221	1.0	3	0.0	0	0.0	0	0.0	-0.11163130402565002	0.993749737739563	0.9759117960929871	-0.21680223941802979	-0.024354135617613792	0.2181658297777176	0.9698119759559631	0.10894229263067245
-0.7378575801849365	0.0014536380767822266	0.1385056972503662	0.21935614943504333	0.037258073687553406	1.0	3	0.0	0	0.0	0	0.0	-0.11163130402565002	0.993749737739563	0.9759117960929871	-0.21680223941802979	-0.024354135617613792	0.2181658297777176	0.9698119759559631	0.10894229263067245
-0.578762412071228	2.814833641052246	0.34648823738098145	0.17108067870140076	0.323274701833725	0	0	0	0	0	0	-0.8729609251022339	0.07754001766443253	0.4815877079963684	0.45636579394340515	-0.21880167722702026	0.8624709248542786	0.1722482293844223	0.9726836681365967	0.15561872720718384
-1.0461660623550415	0.0014569759368896484	-0.0477822870016098	0.17746692895889282	0.027864310890436172	1.0	3	0.0	0	0.0	0	-0.8729609251022339	0.07754001766443253	0.4815877079963684	0.4563658535480499	-0.21880170702934265	0.8624709844589233	0.1722482293844223	0.9726836085319519	0.15561872720718384
-0.9433965682983398	0.0014536380767822266	0.1385056972503662	0.19876982271671295	0.03265595808625221	1.0	3	0.0	0	0.0	0	-0.8729609251022339	0.07754001766443253	0.4815877079963684	0.45636579394340515	-0.21880169212818146	0.8624709248542786	0.1722482293844223	0.9726836681365967	0.15561874210834503
-0.6350879669189453	0.0014536380767822266	-0.04778219014406204	0.24119137227535248	0.037258073687553406	1.0	3	0.0	0	0.0	0	0.0	-1.0	0.0	0.4830416440963745	0.0	-0.8755974173545837	0.8755974173545837	0.0	0.4830416440963745
-0.7378575801849365	0.0014536380767822266	0.1385056972503662	0.21935614943504333	0.037258073687553406	1.0	3	0.0	0	0.0	0	0.0	-1.0	0.0	0.4830416738986969	0.0	-0.8755974173545837	0.8755974173545837	0.0	0.4830416738986969
-0.9433965682983398	0.0014536380767822266	0.1385056972503662	0.2091665267944336	0.018787693232297897	1.0	3	0.0	0	0.0	0	0.0	-1.0	0.0	0.4830416142940521	0.0	-0.8755974173545837	0.8755974173545837	0.0	0.4830416142940521
0.9789600372314453	3.7150418758392334	-0.15871325135231018	0.3046875	0.91796875	1.0	7	0.0	0	0.0	0	-0.577353835105896	-0.7946507930755615	-0.18759681284427643	-0.7557564377784729	0.6070667505264282	-0.24556510150432587	0.30902230739593506	-4.4703477897201083e-07	-0.9510548114776611
0.4857708215713501	4.035539150238037	0.0015306808054447174	0.35546875	0.8828125	1.0	7	0.0	0	0.0	0	-0.577353835105896	-0.7946507930755615	-0.18759681284427643	-0.7557564377784729	0.6070667505264282	-0.24556513130664825	0.30902233719825745	-4.7683710135970614e-07	-0.9510548114776611
0.674155056476593	4.035539150238037	-0.5782464742660522	0.35546875	0.953125	1.0	7	0.0	0	0.0	0	-0.577353835105896	-0.7946507930755615	-0.18759681284427643	-0.7557564377784729	0.6070667505264282	-0.24556511640548706	0.30902233719825745	-4.619359401658585e-07	-0.9510548114776611
0.674155056476593	4.035539150238037	-0.5782464742660522	0.35546875	0.953125	1.0	7	0.0	0	0.0	0	1.1871156146980866e-07	-0.7946522235870361	-0.607064962387085	-0.9176607728004456	0.24122613668441772	-0.315766841173172	0.3973647654056549	0.5570797324180603	-0.7292211651802063
1.2837653160095215	4.035539150238037	-0.5782463550567627	0.2890625	0.9765625	1.0	7	0.0	0	0.0	0	1.1871156146980866e-07	-0.7946522235870361	-0.607064962387085	-0.9176607728004456	0.24122610688209534	-0.3157668113708496	0.3973647356033325	0.5570797324180603	-0.7292211651802063
0.9789600372314453	3.7150418758392334	-0.15871325135231018	0.3046875	0.91796875	1.0	7	0.0	0	0.0	0	1.1871156146980866e-07	-0.7946522235870361	-0.607064962387085	-0.9176608324050903	0.24122610688209534	-0.3157668113708496	0.3973647356033325	0.5570797920227051	-0.7292211651802063
0.9789600372314453	3.7150418758392334	-0.15871325135231018	0.3046875	0.91796875	1.0	7	0.0	0	0.0	0	-0.3568294942378998	-0.7946520447731018	0.49112221598625183	-0.9217121601104736	0.21391837298870087	-0.3235516846179962	0.1520509272813797	-0.5681260228157043	-0.8087727427482605
0.9789600372314453	4.035539150238037	0.35986196994781494	0.2890625	0.86328125	0	0	0	0	0	0	-0.3568294942378998	-0.7946520447731018	0.49112221598625183	-0.9217121005058289	0.21391835808753967	-0.3235516846179962	0.1520508974790573	-0.5681260228157043	-0.8087726831436157
0.4857708215713501	4.035539150238037	0.0015306808054447174	0.35546875	0.8828125	1.0	7	0.0	0	0.0	0	-0.3568294942378998	-0.7946520447731018	0.49112221598625183	-0.9217122197151184	0.21391838788986206	-0.3235516846179962	0.1520509272813797	-0.5681260228157043	-0.8087728023529053
0.9789600372314453	3.7150418758392334	-0.15871325135231018	0.3046875	0.91796875	1.0	7	0.0	0	0.0	0	0.25498998165130615	-0.8225314021110535	0.5083526372909546	-0.8542057871818542	-0.43797796964645386	-0.28019270300865173	0.45311450958251953	-0.36279138922691345	-0.8142910003662109
1.6933355331420898	4.035539150238037	0.0015307869762182236	0.2265625	0.92578125	1.0	7	0.0	0	0.0	0	0.25498998165130615	-0.8225314021110535	0.5083526372909546	-0.8542057871818542	-0.43797796964645386	-0.28019270300865173	0.45311450958251953	-0.36279138922691345	-0.8142910003662109
0.9789600372314453	4.035539150238037	0.35986196994781494	0.2890625	0.86328125	0	0	0	0	0	0	0.25498998165130615	-0.8225314021110535	0.5083526372909546	-0.8542057275772095	-0.43797793984413147	-0.28019270300865173	0.45311447978019714	-0.36279135942459106	-0.8142908811569214
0.9789600372314453	3.7150418758392334	-0.15871325135231018	0.3046875	0.91796875	1.0	7	0.0	0	0.0	0	0.4464329481124878	-0.8373994827270508	-0.3153722882270813	-0.886335015296936	-0.3654140830039978	-0.2843989431858063	0.12291406840085983	0.40649062395095825	-0.9053494930267334
1.2837653160095215	4.035539150238037	-0.5782463550567627	0.2890625	0.9765625	1.0	7	0.0	0	0.0	0	0.4464329481124878	-0.8373994827270508	-0.3153722882270813	-0.886335015296936	-0.3654141128063202	-0.2843989431858063	0.12291406095027924	0.40649062395095825	-0.9053494930267334
1.6933355331420898	4.035539150238037	0.0015307869762182236	0.2265625	0.92578125	1.0	7	0.0	0	0.0	0	0.4464329481124878	-0.8373994827270508	-0.3153722882270813	-0.8863350749015808	-0.3654141128063202	-0.28439897298812866	0.12291406840085983	0.40649062395095825	-0.9053494334220886
0.674155056476593	4.035539150238037	-0.5782464742660522	0.35546875	0.75	1.0	7	0.0	0	0.0	0	1.9295897857318778e-07	0.12386583536863327	-0.9922990202903748	-0.6442902684211731	-0.7588914632797241	-0.09473036974668503	-0.7647810578346252	0.6393285989761353	0.0798054039478302
1.0022273063659668	4.326227188110352	-0.5419606566429138	0.30078125	0.7421875	1.0	7	0.0	0	0.0	0	1.9295897857318778e-07	0.12386583536863327	-0.9922990202903748	-0.6442902088165283	-0.7588915228843689	-0.09473037719726562	-0.76478111743927	0.6393285393714905	0.0798053964972496
1.2837653160095215	4.035539150238037	-0.5782463550567627	0.29296875	0.69140625	1.0	7	0.0	0	0.0	0	1.9295897857318778e-07	0.12386583536863327	-0.9922990202903748	-0.6442902684211731	-0.7588915228843689	-0.09473037719726562	-0.76478111743927	0.6393285989761353	0.0798054039478302
0.4857708215713501	4.035539150238037	0.0015306808054447174	0.46484375	0.74609375	1.0	7	0.0	0	0.0	0	-0.9189909100532532	-0.25747209787368774	-0.298603355884552	0.30902180075645447	7.804060508931343e-09	-0.9510549306869507	0.24487008154392242	-0.9662857055664062	0.07956447452306747
0.4857708215713501	4.2796525955200195	-0.2089572548866272	0.51171875	0.70703125	1.0	7	0.0	0	0.0	0	-0.9189909100532532	-0.25747209787368774	-0.298603355884552	0.30902180075645447	7.804032975400332e-09	-0.9510549902915955	0.244870126247406	-0.9662858247756958	0.07956448197364807
0.674155056476593	4.035539150238037	-0.5782464742660522	0.55859375	0.74609375	1.0	7	0.0	0	0.0	0	-0.9189909100532532	-0.25747209787368774	-0.298603355884552	0.30902180075645447	1.5477297665711376e-08	-0.9510549902915955	0.244870126247406	-0.9662858247756958	0.07956447452306747
0.9789600372314453	4.035539150238037	0.35986196994781494	0.21484375	0.8203125	0	0	0	0	0	0	-0.44917765259742737	-0.64500892162323	0.6182255744934082	-0.8323692679405212	0.5535518527030945	-0.027232471853494644	-0.324654757976532	-0.5268242955207825	-0.7855287790298462
0.6898125410079956	4.350826263427734	0.4787253737449646	0.2578125	0.80859375	1.0	7	0.0	0	0.0	0	-0.44917765259742737	-0.64500892162323	0.6182255744934082	-0.832369327545166	0.5535518527030945	-0.027232477441430092	-0.324654757976532	-0.5268242955207825	-0.785528838634491
0.4857708215713501	4.035539150238037	0.0015306808054447174	0.2890625	0.8515625	1.0	7	0.0	0	0.0	0	-0.44917765259742737	-0.64500892162323	0.6182255744934082	-0.832369327545166	0.5535518527030945	-0.027232475578784943	-0.324654757976532	-0.5268242955207825	-0.785528838634491
1.6933355331420898	4.035539150238037	0.0015307869762182236	0.19921875	0.72265625	1.0	7	0.0	0	0.0	0	0.4064103662967682	-0.4223303198814392	0.81022709608078	-0.10417138040065765	0.8595632910728455	0.5002992153167725	-0.9077329635620117	-0.28772926330566406	0.3053406774997711
1.2837653160095215	4.34987735748291	0.3708200454711914	0.234375	0.7734375	1.0	7	0.0	0	0.0	0	0.4064103662967682	-0.4223303198814392	0.81022709608078	-0.10417135059833527	0.8595632314682007	0.5002991557121277	-0.9077329039573669	-0.2877292037010193	0.3053406774997711
0.9789600372314453	4.035539150238037	0.35986196994781494	0.21484375	0.8203125	0	0	0	0	0	0	0.4064103662967682	-0.4223303198814392	0.81022709608078	-0.10417135059833527	0.8595632910728455	0.5002991557121277	-0.9077329635620117	-0.2877292037010193	0.3053406774997711
1.2837653160095215	4.035539150238037	-0.5782463550567627	0.29296875	0.69140625	1.0	7	0.0	0	0.0	0	0.8024879097938538	0.18611422181129456	-0.5668991208076477	-0.5807265043258667	0.4617837071418762	-0.6704570055007935	0.13700321316719055	0.8672469854354858	0.4786573052406311
1.4378602504730225	4.4015302658081055	-0.2399578094482422	0.26171875	0.73828125	1.0	7	0.0	0	0.0	0	0.8024879097938538	0.18611422181129456	-0.5668991208076477	-0.5807265043258667	0.4617837071418762	-0.6704570055007935	0.13700321316719055	0.8672469854354858	0.4786573052406311
1.6933355331420898	4.035539150238037	0.0015307869762182236	0.19921875	0.72265625	1.0	7	0.0	0	0.0	0	0.8024879097938538	0.18611422181129456	-0.5668991208076477	-0.5807265043258667	0.46178367733955383	-0.6704570055007935	0.13700318336486816	0.8672469854354858	0.4786572754383087
0.674155056476593	4.035539150238037	-0.5782464742660522	0.53125	0.6484375	1.0	7	0.0	0	0.0	0	-0.4681229889392853	0.608332097530365	-0.6409313678741455	-0.6311025619506836	-0.7378425598144531	-0.2393699288368225	-0.6185228824615479	0.2924388647079468	0.7293209433555603
0.4857708215713501	4.2796525955200195	-0.2089572548866272	0.51171875	0.70703125	1.0	7	0.0	0	0.0	0	-0.4681229889392853	0.608332097530365	-0.6409313678741455	-0.6311025023460388	-0.7378425598144531	-0.2393699437379837	-0.6185228824615479	0.2924388349056244	0.7293209433555603
1.0022273063659668	4.326227188110352	-0.5419606566429138	0.4765625	0.63671875	1.0	7	0.0	0	0.0	0	-0.4681229889392853	0.608332097530365	-0.6409313678741455	-0.6311025023460388	-0.7378425598144531	-0.2393699586391449	-0.6185228824615479	0.2924388349056244	0.7293209433555603
0.4857708215713501	4.035539150238037	0.0015306808054447174	0.2890625	0.8515625	1.0	7	0.0	0	0.0	0	-0.9409835934638977	0.2210163027048111	0.2563237249851227	-0.2761054039001465	-0.06327789276838303	-0.9590420722961426	-0.19574430584907532	-0.9732152223587036	0.12056725472211838
0.6898125410079956	4.350826263427734	0.4787253737449646	0.2578125	0.80859375	1.0	7	0.0	0	0.0	0	-0.9409835934638977	0.2210163027048111	0.2563237249851227	-0.27610546350479126	-0.06327790766954422	-0.9590421319007874	-0.19574429094791412	-0.9732151627540588	0.12056726217269897
0.4857708215713501	4.2796525955200195	-0.2089572548866272	0.3359375	0.8125	1.0	7	0.0	0	0.0	0	-0.9409835934638977	0.2210163027048111	0.2563237249851227	-0.27610543370246887	-0.06327788531780243	-0.9590420126914978	-0.19574430584907532	-0.9732151627540588	0.12056725472211838
0.9789600372314453	4.035539150238037	0.35986196994781494	0.21484375	0.8203125	0	0	0	0	0	0	0.174711674451828	-0.20300036668777466	0.9634659886360168	-0.8109005093574524	0.5253670811653137	0.25773975253105164	-0.5584946274757385	-0.8263052701950073	-0.0728253424167633
1.2837653160095215	4.34987735748291	0.3708200454711914	0.234375	0.7734375	1.0	7	0.0	0	0.0	0	0.174711674451828	-0.20300036668777466	0.9634659886360168	-0.8109005689620972	0.525367021560669	0.25773975253105164	-0.558494508266449	-0.8263052105903625	-0.0728253573179245
0.6898125410079956	4.350826263427734	0.4787253737449646	0.2578125	0.80859375	1.0	7	0.0	0	0.0	0	0.174711674451828	-0.20300036668777466	0.9634659886360168	-0.8109005689620972	0.5253670811653137	0.25773975253105164	-0.5584945678710938	-0.8263052105903625	-0.0728253498673439
1.6933355331420898	4.035539150238037	0.0015307869762182236	0.19921875	0.72265625	1.0	7	0.0	0	0.0	0	0.7166602611541748	0.6561710238456726	0.23630011081695557	-0.27894526720046997	0.5802233219146729	-0.7651996612548828	-0.6392086744308472	0.4824734032154083	0.5988587737083435
1.4378602504730225	4.4015302658081055	-0.2399578094482422	0.26171875	0.73828125	1.0	7	0.0	0	0.0	0	0.7166602611541748	0.6561710238456726	0.23630011081695557	-0.2789452373981476	0.5802232623100281	-0.7651996612548828	-0.6392086148262024	0.4824734032154083	0.5988587737083435
1.2837653160095215	4.34987735748291	0.3708200454711914	0.234375	0.7734375	1.0	7	0.0	0	0.0	0	0.7166602611541748	0.6561710238456726	0.23630011081695557	-0.2789452373981476	0.5802232623100281	-0.7651996612548828	-0.6392086148262024	0.4824734032154083	0.5988587737083435
1.2837653160095215	4.035539150238037	-0.5782463550567627	0.29296875	0.69140625	1.0	7	0.0	0	0.0	0	0.4292886257171631	0.5089136362075806	-0.7461355328559875	-0.7911295890808105	-0.18664035201072693	-0.5824769139289856	-0.43568944931030273	0.8403406143188477	0.3224940598011017
1.0022273063659668	4.326227188110352	-0.5419606566429138	0.30078125	0.7421875	1.0	7	0.0	0	0.0	0	0.4292886257171631	0.5089136362075806	-0.7461355328559875	-0.7911296486854553	-0.18664032220840454	-0.5824769735336304	-0.43568944931030273	0.8403406739234924	0.3224940896034241
1.4378602504730225	4.4015302658081055	-0.2399578094482422	0.26171875	0.73828125	1.0	7	0.0	0	0.0	0	0.4292886257171631	0.5089136362075806	-0.7461355328559875	-0.7911295890808105	-0.18664035201072693	-0.5824769139289856	-0.43568944931030273	0.8403406143188477	0.3224940598011017
0.4857708215713501	4.2796525955200195	-0.2089572548866272	0.3359375	0.8125	1.0	7	0.0	0	0.0	0	-0.3309209644794464	0.8578140735626221	-0.39325106143951416	-0.44146373867988586	-0.5090444684028625	-0.7389069199562073	-0.834027111530304	-0.07091370970010757	0.5471473336219788
0.9789600372314453	4.543372631072998	-0.04871325194835663	0.2734375	0.7734375	1.0	7	0.0	0	0.0	0	-0.3309209644794464	0.8578140735626221	-0.39325106143951416	-0.44146379828453064	-0.5090445280075073	-0.738906979560852	-0.8340270519256592	-0.07091372460126877	0.547147274017334
1.0022273063659668	4.326227188110352	-0.5419606566429138	0.30078125	0.7421875	1.0	7	0.0	0	0.0	0	-0.3309209644794464	0.8578140735626221	-0.39325106143951416	-0.44146376848220825	-0.5090444684028625	-0.7389069199562073	-0.8340270519256592	-0.07091370970010757	0.5471473336219788
0.6898125410079956	4.350826263427734	0.4787253737449646	0.2578125	0.80859375	1.0	7	0.0	0	0.0	0	-0.4842866361141205	0.8732838034629822	0.05330926924943924	-0.22400759160518646	-0.06486383080482483	-0.9724265336990356	-0.8457463979721069	-0.4828747808933258	0.22703486680984497
0.9789600372314453	4.543372631072998	-0.04871325194835663	0.2734375	0.7734375	1.0	7	0.0	0	0.0	0	-0.4842866361141205	0.8732838034629822	0.05330926924943924	-0.22400759160518646	-0.06486383825540543	-0.9724265336990356	-0.8457465171813965	-0.4828748404979706	0.22703489661216736
0.4857708215713501	4.2796525955200195	-0.2089572548866272	0.3359375	0.8125	1.0	7	0.0	0	0.0	0	-0.4842866361141205	0.8732838034629822	0.05330926924943924	-0.22400760650634766	-0.06486383080482483	-0.9724265336990356	-0.8457463979721069	-0.4828747808933258	0.22703488171100616
1.2837653160095215	4.34987735748291	0.3708200454711914	0.234375	0.7734375	1.0	7	0.0	0	0.0	0	0.06971105933189392	0.9241605401039124	0.3755897283554077	-0.550693690776825	0.34958919882774353	-0.7579735517501831	-0.831791341304779	-0.15399575233459473	0.5332996249198914
0.9789600372314453	4.543372631072998	-0.04871325194835663	0.2734375	0.7734375	1.0	7	0.0	0	0.0	0	0.06971105933189392	0.9241605401039124	0.3755897283554077	-0.550693690776825	0.34958919882774353	-0.7579736113548279	-0.8317914009094238	-0.15399575233459473	0.5332996249198914
0.6898125410079956	4.350826263427734	0.4787253737449646	0.2578125	0.80859375	1.0	7	0.0	0	0.0	0	0.06971105933189392	0.9241605401039124	0.3755897283554077	-0.550693690776825	0.34958916902542114	-0.7579734921455383	-0.8317914009094238	-0.15399578213691711	0.5332996845245361
1.4378602504730225	4.4015302658081055	-0.2399578094482422	0.26171875	0.73828125	1.0	7	0.0	0	0.0	0	0.35407185554504395	0.9201604127883911	0.16714692115783691	-0.5506937503814697	0.34958916902542114	-0.7579736113548279	-0.7558900117874146	0.1763303428888321	0.630506157875061
0.9789600372314453	4.543372631072998	-0.04871325194835663	0.2734375	0.7734375	1.0	7	0.0	0	0.0	0	0.35407185554504395	0.9201604127883911	0.16714692115783691	-0.5506937503814697	0.34958916902542114	-0.7579735517501831	-0.7558899521827698	0.1763302981853485	0.630506157875061
1.2837653160095215	4.34987735748291	0.3708200454711914	0.234375	0.7734375	1.0	7	0.0	0	0.0	0	0.35407185554504395	0.9201604127883911	0.16714692115783691	-0.5506937503814697	0.34958916902542114	-0.7579736113548279	-0.7558900117874146	0.1763303428888321	0.630506157875061
1.0022273063659668	4.326227188110352	-0.5419606566429138	0.30078125	0.7421875	1.0	7	0.0	0	0.0	0	0.11673925817012787	0.9109964370727539	-0.39554697275161743	-0.753284215927124	-0.17833779752254486	-0.6330549120903015	-0.6472517251968384	0.37186166644096375	0.6654202342033386
0.9789600372314453	4.543372631072998	-0.04871325194835663	0.2734375	0.7734375	1.0	7	0.0	0	0.0	0	0.11673925817012787	0.9109964370727539	-0.39554697275161743	-0.7532843351364136	-0.17833781242370605	-0.6330549120903015	-0.6472517251968384	0.37186166644096375	0.6654202938079834
1.4378602504730225	4.4015302658081055	-0.2399578094482422	0.26171875	0.73828125	1.0	7	0.0	0	0.0	0	0.11673925817012787	0.9109964370727539	-0.39554697275161743	-0.7532842755317688	-0.17833781242370605	-0.6330549716949463	-0.6472517848014832	0.37186166644096375	0.6654202342033386
0.9791514873504639	4.294363498687744	-0.5250720381736755	0.03125	0.65625	0	0	0	0	0	0	1.4901161193847656e-07	-6.1868341560966655e-09	-1.0	-1.0	1.5182254918299225e-21	-1.4901161193847656e-07	9.219116127036462e-16	1.0	-6.1868341560966655e-09
-0.303886741399765	2.294363498687744	-0.5250722169876099	0.140625	0.4375	0	0	0	0	0	0	1.4901161193847656e-07	-6.1868341560966655e-09	-1.0	-1.0	1.4303053409776813e-21	-1.4901161193847656e-07	9.219116127036462e-16	1.0	-6.1868341560966655e-09
-1.0208485126495361	4.294363498687744	-0.5250723361968994	0.1875	0.65625	0	0	0	0	0	0	1.4901161193847656e-07	-6.1868341560966655e-09	-1.0	-1.0	1.5182254918299225e-21	-1.4901161193847656e-07	9.219116127036462e-16	1.0	-6.1868341560966655e-09
0.2621898651123047	2.294363498687744	-0.0477820485830307	0.0546875	0.40625	0	0	0	0	0	0	0.941342294216156	-0.337453156709671	0.0	0.15383346378803253	0.429126113653183	-0.8900483846664429	0.300349622964859	0.83784019947052	0.45586615800857544
0.9791514873504639	4.294363498687744	-0.5250720381736755	0.03125	0.65625	0	0	0	0	0	0	0.941342294216156	-0.337453156709671	0.0	0.15383347868919373	0.42912614345550537	-0.8900483846664429	0.300349622964859	0.83784019947052	0.4558661878108978
0.9791514873504639	4.294363498687744	-0.047781988978385925	0.00031725282315164804	0.6887549757957458	0	0	0	0	0	0	0.941342294216156	-0.337453156709671	0.0	0.15383347868919373	0.42912614345550537	-0.8900483846664429	0.300349622964859	0.83784019947052	0.4558661878108978
-1.0208485126495361	4.294363498687744	-0.5250723361968994	0.1875	0.65625	0	0	0	0	0	0	-0.9413423538208008	-0.3374531865119934	0.0	0.14960646629333496	-0.4173346161842346	0.896353542804718	-0.3024773597717285	0.8437755703926086	0.44333991408348083
-0.3038868308067322	2.294363498687744	-0.04778213053941727	0.16015625	0.40625	0	0	0	0	0	0	-0.9413423538208008	-0.3374531865119934	0.0	0.14960646629333496	-0.417334645986557	0.896353542804718	-0.3024773597717285	0.8437755703926086	0.4433399438858032
-1.0208485126495361	4.294363498687744	-0.0477822870016098	0.21875	0.6875	0	0	0	0	0	0	-0.9413423538208008	-0.3374531865119934	0.0	0.14960646629333496	-0.417334645986557	0.896353542804718	-0.3024773597717285	0.8437755703926086	0.4433399438858032
-0.303886741399765	2.294363498687744	-0.5250722169876099	0.140625	0.4375	0	0	0	0	0	0	0.0	-1.0	0.0	-1.0	0.0	-1.0529427640904032e-07	1.0529427640904032e-07	0.0	-1.0
0.2621898651123047	2.294363498687744	-0.0477820485830307	0.0546875	0.40625	0	0	0	0	0	0	0.0	-1.0	0.0	-1.0	0.0	-1.0529428351446768e-07	1.0529428351446768e-07	0.0	-1.0
-0.3038868308067322	2.294363498687744	-0.04778213053941727	0.16015625	0.40625	0	0	0	0	0	0	0.0	-1.0	0.0	-1.0	0.0	-1.0529428351446768e-07	1.0529428351446768e-07	0.0	-1.0
0.9791514873504639	4.294363498687744	-0.5250720381736755	0.03125	0.65625	0	0	0	0	0	0	0.0	1.0	0.0	-0.9999575614929199	0.0	0.009213234297931194	0.009213234297931194	0.0	0.9999575614929199
-1.0208485126495361	4.294363498687744	-0.0477822870016098	0.21875	0.6875	0	0	0	0	0	0	0.0	1.0	0.0	-0.9999575614929199	0.0	0.00921323336660862	0.00921323336660862	0.0	0.9999575614929199
0.9791514873504639	4.294363498687744	-0.047781988978385925	0.00031725282315164804	0.6887549757957458	0	0	0	0	0	0	0.0	1.0	0.0	-0.9999575614929199	0.0	0.00921323336660862	0.00921323336660862	0.0	0.9999575614929199
0.9791514873504639	4.294363498687744	-0.047781988978385925	0.65234375	0.01171875	0	0	0	0	0	0	1.4901161193847656e-07	-2.4813290977476754e-08	-1.0	-1.0	-1.7021876529790707e-23	-1.4901161193847656e-07	3.6974686448709455e-15	1.0	-2.4813290977476754e-08
-0.3038868308067322	2.294363498687744	-0.04778213053941727	0.78515625	0.21484375	0	0	0	0	0	0	1.4901161193847656e-07	-2.4813290977476754e-08	-1.0	-1.0	-3.6963997486029454e-22	-1.4901161193847656e-07	3.697468221354472e-15	1.0	-2.4813290977476754e-08
-1.0208485126495361	4.294363498687744	-0.0477822870016098	0.859375	0.01171875	0	0	0	0	0	0	1.4901161193847656e-07	-2.4813290977476754e-08	-1.0	-1.0	-1.702192701688864e-23	-1.4901161193847656e-07	3.6974686448709455e-15	1.0	-2.4813290977476754e-08
-0.30388689041137695	2.294363498687744	0.4295080006122589	0.328125	0.65625	0	0	0	0	0	0	-1.4901161193847656e-07	-8.714323485037312e-09	1.0	-1.0	0.0	-1.4901161193847656e-07	1.2985353894587326e-15	-1.0	-8.714323485037312e-09
0.9791514873504639	4.294363498687744	0.4295082092285156	0.21875	0.4375	0	0	0	0	0	0	-1.4901161193847656e-07	-8.714323485037312e-09	1.0	-1.0	-1.2383798498713804e-22	-1.4901161193847656e-07	1.298535495337851e-15	-1.0	-8.714323485037312e-09
-1.0208486318588257	4.294363498687744	0.42950791120529175	0.375	0.4375	0	0	0	0	0	0	-1.4901161193847656e-07	-8.714323485037312e-09	1.0	-1.0	0.0	-1.4901161193847656e-07	1.2985353894587326e-15	-1.0	-8.714323485037312e-09
0.9791514873504639	4.294363498687744	-0.047781988978385925	0.1875	0.40625	0	0	0	0	0	0	0.9413423538208008	-0.337453156709671	5.8778056200026185e-08	-0.14960651099681854	-0.417334645986557	0.8963536620140076	-0.30247730016708374	-0.8437755703926086	-0.44333991408348083
0.2621898353099823	2.294363498687744	0.42950811982154846	0.265625	0.65625	0	0	0	0	0	0	0.9413423538208008	-0.337453156709671	5.8778056200026185e-08	-0.14960649609565735	-0.4173346161842346	0.8963536620140076	-0.30247730016708374	-0.8437755703926086	-0.44333988428115845
0.2621898651123047	2.294363498687744	-0.0477820485830307	0.25	0.6875	0	0	0	0	0	0	0.9413423538208008	-0.337453156709671	5.8778056200026185e-08	-0.14960648119449615	-0.4173346161842346	0.8963536620140076	-0.30247730016708374	-0.8437755703926086	-0.44333985447883606
-1.0208485126495361	4.294363498687744	-0.0477822870016098	0.40625	0.40625	0	0	0	0	0	0	-0.941342294216156	-0.3374532163143158	-2.351121963783953e-07	0.1810804307460785	-0.5051321983337402	-0.8438313603401184	0.2847535014152527	-0.7943342328071594	0.5366084575653076
-0.30388689041137695	2.294363498687744	0.4295080006122589	0.328125	0.65625	0	0	0	0	0	0	-0.941342294216156	-0.3374532163143158	-2.351121963783953e-07	0.18108046054840088	-0.505132257938385	-0.8438313603401184	0.2847534716129303	-0.7943341135978699	0.5366085171699524
-1.0208486318588257	4.294363498687744	0.42950791120529175	0.375	0.4375	0	0	0	0	0	0	-0.941342294216156	-0.3374532163143158	-2.351121963783953e-07	0.1810804307460785	-0.5051321983337402	-0.8438314199447632	0.2847535014152527	-0.7943342924118042	0.5366084575653076
0.2621898651123047	2.294363498687744	-0.0477820485830307	0.25	0.6875	0	0	0	0	0	0	0.0	-1.0	0.0	-1.0	0.0	-1.4477964782599884e-07	1.4477964782599884e-07	0.0	-1.0
-0.30388689041137695	2.294363498687744	0.4295080006122589	0.328125	0.65625	0	0	0	0	0	0	0.0	-1.0	0.0	-1.0	0.0	-1.4477964782599884e-07	1.4477964782599884e-07	0.0	-1.0
-0.3038868308067322	2.294363498687744	-0.04778213053941727	0.3515625	0.6875	0	0	0	0	0	0	0.0	-1.0	0.0	-1.0	0.0	-1.4477964782599884e-07	1.4477964782599884e-07	0.0	-1.0
-1.0208485126495361	4.294363498687744	-0.0477822870016098	0.40625	0.40625	0	0	0	0	0	0	0.0	1.0	0.0	-1.0	0.0	-1.4901161193847656e-07	-1.4901161193847656e-07	0.0	1.0
0.9791514873504639	4.294363498687744	0.4295082092285156	0.21875	0.4375	0	0	0	0	0	0	0.0	1.0	0.0	-1.0	0.0	-1.4901161193847656e-07	-1.4901161193847656e-07	0.0	1.0
0.9791514873504639	4.294363498687744	-0.047781988978385925	0.1875	0.40625	0	0	0	0	0	0	0.0	1.0	0.0	-1.0	0.0	-1.4901162614933128e-07	-1.4901162614933128e-07	0.0	1.0
-1.0206570625305176	3.7150418758392334	-0.15871354937553406	0.87109375	0.73828125	1.0	5	0.0	0	0.0	0	0.577353835105896	-0.7946509718894958	-0.18759672343730927	-0.7557565569877625	-0.6070666909217834	0.2455647736787796	-0.3090219795703888	-3.2782557468635787e-07	-0.9510549306869507
-0.715851902961731	4.035539150238037	-0.5782465934753418	0.8203125	0.7734375	1.0	5	0.0	0	0.0	0	0.577353835105896	-0.7946509718894958	-0.18759672343730927	-0.7557565569877625	-0.6070666909217834	0.2455647736787796	-0.3090219795703888	-3.2782557468635787e-07	-0.9510549306869507
