463	162	10
-0.6223212480545044	5.741521835327148	-0.33192768692970276	0.859375	0.65625	1.0	9	0.0	0	0.0	0	0.0	1.0	0.0	-1.8922108324659348e-08	0.0	-1.0	-1.0	0.0	1.8922108324659348e-08
-0.016103506088256836	5.741521835327148	0.7180721759796143	0.75	0.59375	1.0	9	0.0	0	0.0	0	0.0	1.0	0.0	5.676634273754644e-08	0.0	-1.0	-1.0	0.0	-5.676634273754644e-08
0.5901143550872803	5.741521835327148	-0.33192768692970276	0.859375	0.53125	1.0	9	0.0	0	0.0	0	0.0	1.0	0.0	-1.892209766651831e-08	0.0	-1.0	-1.0	0.0	1.892209766651831e-08
-0.6223212480545044	5.741521835327148	-0.33192768692970276	0.9996827244758606	0.5332765579223633	1.0	9	0.0	0	0.0	0	-0.5	0.0	-0.8660253882408142	-0.866025447845459	0.0	0.5	0.0	1.0	0.0
-0.016103506088256836	4.379440784454346	-0.6819276809692383	0.9278414249420166	0.39348554611206055	1.0	9	0.0	0	0.0	0	-0.5	0.0	-0.8660253882408142	-0.8660253882408142	0.0	0.4999999701976776	0.0	1.0	0.0
-0.6223212480545044	4.379440784454346	-0.33192768692970276	0.9996827244758606	0.39348554611206055	1.0	9	0.0	0	0.0	0	-0.5	0.0	-0.8660253882408142	-0.8660253882408142	0.0	0.5	0.0	1.0	0.0
-0.6223212480545044	5.741521835327148	0.3680720627307892	0.6404761075973511	0.5332765579223633	1.0	9	0.0	0	0.0	0	-1.0	0.0	0.0	0.0	0.0	1.0	0.0	1.0	0.0
-0.6223212480545044	4.379440784454346	-0.33192768692970276	0.5686348080635071	0.39348557591438293	1.0	9	0.0	0	0.0	0	-1.0	0.0	0.0	0.0	0.0	1.0	0.0	1.0	0.0
-0.6223212480545044	4.379440784454346	0.3680720627307892	0.6404761672019958	0.39348557591438293	1.0	9	0.0	0	0.0	0	-1.0	0.0	0.0	0.0	0.0	1.0	0.0	1.0	0.0
-0.016103506088256836	4.379440784454346	-0.6819276809692383	0.85546875	0.26953125	1.0	9	0.0	0	0.0	0	0.0	-1.0	0.0	0.8660255670547485	0.0	-0.49999988079071045	0.49999988079071045	0.0	0.8660255670547485
0.5901143550872803	4.379440784454346	0.36807218194007874	0.85546875	0.39453125	1.0	9	0.0	0	0.0	0	0.0	-1.0	0.0	0.8660255074501038	0.0	-0.49999991059303284	0.49999991059303284	0.0	0.8660255074501038
-0.6223212480545044	4.379440784454346	0.3680720627307892	0.74609375	0.33203125	1.0	9	0.0	0	0.0	0	0.0	-1.0	0.0	0.8660255074501038	0.0	-0.49999991059303284	0.49999991059303284	0.0	0.8660255074501038
-0.015172243118286133	4.167090892791748	-1.4236379861831665	0.71875	0.91015625	1.0	5	0.0	0	0.0	0	0.4986427128314972	0.2509487271308899	-0.8296868205070496	-0.8530458211898804	-0.027814269065856934	-0.5210942625999451	-0.15384507179260254	0.9676007032394409	0.2002013921737671
0.13402342796325684	2.299544334411621	-1.8988330364227295	0.70703125	0.7109375	1.0	6	0.0	0	0.0	0	0.4986427128314972	0.2509487271308899	-0.8296868205070496	-0.8530458807945251	-0.02781427837908268	-0.5210943222045898	-0.15384507179260254	0.9676007032394409	0.2002013623714447
-0.015172243118286133	2.3313937187194824	-1.9788665771484375	0.7265625	0.71484375	1.0	6	0.0	0	0.0	0	0.4986427128314972	0.2509487271308899	-0.8296868205070496	-0.8530457615852356	-0.027814259752631187	-0.5210942029953003	-0.15384505689144135	0.9676007032394409	0.2002013772726059
0.13402342796325684	2.299544334411621	-1.8988330364227295	0.70703125	0.7109375	1.0	6	0.0	0	0.0	0	0.9972871541976929	-0.06839308887720108	-0.027216942980885506	-3.5138825182912115e-09	0.3697470426559448	-0.9291324615478516	0.0736096203327179	0.9266118407249451	0.36874398589134216
0.275066614151001	3.9812164306640625	-0.9565556049346924	0.6484375	0.90234375	1.0	5	0.0	0	0.0	0	0.9972871541976929	-0.06839308887720108	-0.027216942980885506	-3.5138829623804213e-09	0.3697470426559448	-0.9291325211524963	0.07360962778329849	0.9266119003295898	0.36874398589134216
0.13402342796325684	2.2358455657958984	-1.7387652397155762	0.69140625	0.7109375	1.0	6	0.0	0	0.0	0	0.9972871541976929	-0.06839308887720108	-0.027216942980885506	-1.6562931026697925e-09	0.3697470724582672	-0.9291325211524963	0.07360962778329849	0.9266119003295898	0.36874401569366455
0.13402342796325684	2.2358455657958984	-1.7387652397155762	0.69140625	0.7109375	1.0	6	0.0	0	0.0	0	0.4986446797847748	-0.3877340257167816	0.775252103805542	0.8358584642410278	-0.021766792982816696	-0.5485133528709412	0.2295520305633545	0.9215142726898193	0.31323689222335815
-0.015172243118286133	3.9192581176757812	-0.8008613586425781	0.6171875	0.89453125	1.0	5	0.0	0	0.0	0	0.4986446797847748	-0.3877340257167816	0.775252103805542	0.8358585238456726	-0.02176677994430065	-0.5485133528709412	0.2295520156621933	0.9215142726898193	0.31323686242103577
-0.015172243118286133	2.203996181488037	-1.65873122215271	0.67578125	0.70703125	1.0	6	0.0	0	0.0	0	0.4986446797847748	-0.3877340257167816	0.775252103805542	0.8358584642410278	-0.021766802296042442	-0.5485132932662964	0.2295520305633545	0.9215142726898193	0.31323689222335815
-0.015172243118286133	3.9192581176757812	-0.8008613586425781	0.8203125	0.90234375	1.0	5	0.0	0	0.0	0	-0.49864462018013	-0.38773396611213684	0.775252103805542	0.8660248517990112	-0.18487390875816345	0.4645672142505646	-0.036804597824811935	0.9030415415763855	0.4279736280441284
-0.1643679141998291	2.2358455657958984	-1.7387652397155762	0.76171875	0.7109375	1.0	6	0.0	0	0.0	0	-0.49864462018013	-0.38773396611213684	0.775252103805542	0.8660248517990112	-0.18487389385700226	0.46456724405288696	-0.03680461272597313	0.9030414819717407	0.42797356843948364
-0.015172243118286133	2.203996181488037	-1.65873122215271	0.77734375	0.7109375	1.0	6	0.0	0	0.0	0	-0.49864462018013	-0.38773396611213684	0.775252103805542	0.8660247921943665	-0.18487387895584106	0.4645672142505646	-0.03680462762713432	0.9030415415763855	0.42797356843948364
-0.015172243118286133	4.167090892791748	-1.4236379861831665	0.8763955235481262	0.23600007593631744	1.0	5	0.0	0	0.0	0	0.0	0.9291326999664307	0.3697464168071747	0.0	0.3697464168071747	-0.9291327595710754	-1.0	0.0	0.0
-0.30541110038757324	3.9812164306640625	-0.9565556049346924	0.8248023986816406	0.26578742265701294	1.0	5	0.0	0	0.0	0	0.0	0.9291326999664307	0.3697464168071747	0.0	0.3697464168071747	-0.9291327595710754	-1.0	0.0	0.0
0.275066614151001	3.9812164306640625	-0.9565556049346924	0.8248023986816406	0.20621272921562195	1.0	5	0.0	0	0.0	0	0.0	0.9291326999664307	0.3697464168071747	0.0	0.3697464168071747	-0.9291327595710754	-1.0	0.0	0.0
-0.30541110038757324	3.9812164306640625	-0.9565556049346924	0.78515625	0.90625	1.0	5	0.0	0	0.0	0	-0.9972871541976929	-0.0683930441737175	-0.027216920629143715	-0.015840649604797363	-0.1616787612438202	0.9867162704467773	-0.07188492268323898	0.9844706058502197	0.1601567566394806
-0.1643679141998291	2.299544334411621	-1.8988330364227295	0.74609375	0.71484375	1.0	6	0.0	0	0.0	0	-0.9972871541976929	-0.0683930441737175	-0.027216920629143715	-0.015840649604797363	-0.1616787612438202	0.9867163300514221	-0.07188492268323898	0.984470546245575	0.1601567417383194
-0.1643679141998291	2.2358455657958984	-1.7387652397155762	0.76171875	0.7109375	1.0	6	0.0	0	0.0	0	-0.9972871541976929	-0.0683930441737175	-0.027216920629143715	-0.015840649604797363	-0.1616787612438202	0.9867163300514221	-0.07188492268323898	0.984470546245575	0.1601567417383194
-0.1643679141998291	2.299544334411621	-1.8988330364227295	0.74609375	0.71484375	1.0	6	0.0	0	0.0	0	-0.49864286184310913	0.2509486973285675	-0.8296867609024048	-0.8660258054733276	-0.18487398326396942	0.46456530690193176	-0.036805443465709686	0.950182318687439	0.3095141351222992
-0.015172243118286133	4.167090892791748	-1.4236379861831665	0.71875	0.91015625	1.0	5	0.0	0	0.0	0	-0.49864286184310913	0.2509486973285675	-0.8296867609024048	-0.8660258054733276	-0.18487395346164703	0.46456533670425415	-0.0368054062128067	0.950182318687439	0.3095141053199768
-0.015172243118286133	2.3313937187194824	-1.9788665771484375	0.7265625	0.71484375	1.0	6	0.0	0	0.0	0	-0.49864286184310913	0.2509486973285675	-0.8296867609024048	-0.8660258054733276	-0.18487396836280823	0.46456533670425415	-0.036805421113967896	0.950182318687439	0.3095141351222992
-0.1643679141998291	2.2358455657958984	-1.7387652397155762	0.76171875	0.7109375	1.0	6	0.0	0	0.0	0	0.0	-0.9291324615478516	-0.3697470426559448	0.7205761075019836	-0.25637364387512207	0.6442379951477051	-0.6933758854866028	-0.26643088459968567	0.6695106625556946
-0.1643679141998291	2.299544334411621	-1.8988330364227295	0.75	0.69921875	1.0	6	0.0	0	0.0	0	0.0	-0.9291324615478516	-0.3697470426559448	0.7205761075019836	-0.25637367367744446	0.6442379951477051	-0.693375825881958	-0.26643088459968567	0.6695106625556946
0.13402342796325684	2.299544334411621	-1.8988330364227295	0.7734375	0.6796875	1.0	6	0.0	0	0.0	0	0.0	-0.9291324615478516	-0.3697470426559448	0.7205761075019836	-0.25637370347976685	0.6442380547523499	-0.6933758854866028	-0.26643088459968567	0.6695106625556946
-0.016103506088256836	0.0014567375183105469	-1.007245421409607	0.17746692895889282	0.027864310890436172	1.0	3	0.0	0	0.0	0	0.4815927743911743	0.07743813097476959	-0.8729672431945801	-0.867168128490448	-0.10205534845590591	-0.4874465763568878	-0.12683790922164917	0.9917600154876709	0.018002761527895927
0.38130831718444824	2.7886199951171875	-0.5407636165618896	0.08956911414861679	0.30724358558654785	0	0	0	0	0	0	0.4815927743911743	0.07743813097476959	-0.8729672431945801	-0.867168128490448	-0.10205535590648651	-0.4874465763568878	-0.12683792412281036	0.9917600154876709	0.01800275780260563
0.17018389701843262	0.001453399658203125	-0.9044759273529053	0.15574663877487183	0.025628868490457535	1.0	3	0.0	0	0.0	0	0.4815927743911743	0.07743813097476959	-0.8729672431945801	-0.8671681880950928	-0.10205536335706711	-0.4874466061592102	-0.12683792412281036	0.9917600750923157	0.01800275593996048
0.17018389701843262	0.001453399658203125	-0.9044759273529053	0.15574663877487183	0.025628868490457535	1.0	3	0.0	0	0.0	0	0.9937496185302734	-0.11163143813610077	0.0	-0.011665144935250282	-0.1038438007235527	-0.9945251941680908	0.1110202893614769	0.9883091449737549	-0.10449694842100143
0.4401867389678955	2.4050345420837402	-0.10878574848175049	0.04859236627817154	0.26396840810775757	0	0	0	0	0	0	0.9937496185302734	-0.11163143813610077	0.0	-0.011665146797895432	-0.1038438156247139	-0.9945251941680908	0.1110202893614769	0.9883091449737549	-0.10449696332216263
0.17018389701843262	0.001453399658203125	-0.698936939239502	0.13476765155792236	0.023424552753567696	1.0	3	0.0	0	0.0	0	0.9937496185302734	-0.11163143813610077	0.0	-0.011665146797895432	-0.1038438156247139	-0.9945252537727356	0.1110202819108963	0.9883090853691101	-0.10449694842100143
0.4401867389678955	2.4050345420837402	-0.10878574848175049	0.04859236627817154	0.26396840810775757	0	0	0	0	0	0	0.4664316475391388	-0.2599882483482361	0.8454867005348206	0.7898156046867371	-0.3079697787761688	-0.5304205417633057	0.39828747510910034	0.9151834845542908	0.061695925891399384
-0.016103506088256836	0.001453399658203125	-0.5961673259735107	0.11407285183668137	0.01646016724407673	1.0	3	0.0	0	0.0	0	0.4664316475391388	-0.2599882483482361	0.8454867005348206	0.7898156046867371	-0.3079697787761688	-0.5304205417633057	0.39828747510910034	0.9151834845542908	0.061695925891399384
0.17018389701843262	0.001453399658203125	-0.698936939239502	0.13476765155792236	0.023424552753567696	1.0	3	0.0	0	0.0	0	0.4664316475391388	-0.2599882483482361	0.8454867005348206	0.7898156046867371	-0.30796974897384644	-0.5304205417633057	0.39828744530677795	0.9151834845542908	0.06169594079256058
-0.016103506088256836	0.001453399658203125	-0.5961673259735107	0.24119137227535248	0.037258073687553406	1.0	3	0.0	0	0.0	0	-0.46643081307411194	-0.25998812913894653	0.8454872369766235	0.8755972981452942	-1.3401569631810162e-08	0.4830416738986969	-0.12558509409427643	0.9656118154525757	0.2276449054479599
-0.4723937511444092	2.4050345420837402	-0.10878586769104004	0.22430846095085144	0.2927244007587433	0	0	0	0	0	0	-0.46643081307411194	-0.25998812913894653	0.8454872369766235	0.8755972981452942	-2.114981789702597e-08	0.4830416738986969	-0.12558509409427643	0.9656118154525757	0.2276449203491211
-0.2023913860321045	0.001453399658203125	-0.698936939239502	0.21935614943504333	0.037258073687553406	1.0	3	0.0	0	0.0	0	-0.46643081307411194	-0.25998812913894653	0.8454872369766235	0.8755974173545837	-1.3401569631810162e-08	0.4830417037010193	-0.12558507919311523	0.9656118750572205	0.2276449054479599
0.38130831718444824	2.7886199951171875	-0.5407636165618896	0.2836059033870697	0.3803352415561676	0	0	0	0	0	0	0.027850687503814697	0.8210700750350952	0.5701477527618408	0.9316772818565369	-0.22799968719482422	0.28283169865608215	0.36221811175346375	0.5233166217803955	-0.7713221907615662
-0.4103739261627197	2.814833641052246	-0.5398416519165039	0.2075018733739853	0.3517501950263977	0	0	0	0	0	0	0.027850687503814697	0.8210700750350952	0.5701477527618408	0.9316772222518921	-0.22799967229366302	0.28283166885375977	0.36221811175346375	0.5233166217803955	-0.7713221907615662
-0.016103506088256836	2.3273415565490723	0.14293649792671204	0.27783238887786865	0.2850327789783478	0	0	0	0	0	0	0.027850687503814697	0.8210700750350952	0.5701477527618408	0.9316772222518921	-0.22799968719482422	0.28283169865608215	0.36221814155578613	0.5233166217803955	-0.7713221907615662
-0.4723937511444092	2.4050345420837402	-0.10878586769104004	0.22430846095085144	0.2927244007587433	0	0	0	0	0	0	-0.993749737739563	-0.11163125932216644	0.0	0.024354126304388046	-0.21680223941802979	0.9759117960929871	-0.10894224792718887	0.9698119759559631	0.2181658297777176
-0.2023913860321045	0.001453399658203125	-0.9044759273529053	0.19876982271671295	0.03265595808625221	1.0	3	0.0	0	0.0	0	-0.993749737739563	-0.11163125932216644	0.0	0.024354128167033195	-0.21680225431919098	0.9759117960929871	-0.10894224792718887	0.9698119759559631	0.21816584467887878
-0.2023913860321045	0.001453399658203125	-0.698936939239502	0.21935614943504333	0.037258073687553406	1.0	3	0.0	0	0.0	0	-0.993749737739563	-0.11163125932216644	0.0	0.024354128167033195	-0.21680225431919098	0.9759117960929871	-0.10894224792718887	0.9698119759559631	0.21816584467887878
-0.4103739261627197	2.814833641052246	-0.5398416519165039	0.17108067870140076	0.323274701833725	0	0	0	0	0	0	-0.4815879464149475	0.07754001766443253	-0.8729609251022339	-0.8624709844589233	-0.2188008725643158	0.4563661515712738	-0.15561795234680176	0.9726837873458862	0.17224785685539246
-0.016103506088256836	0.0014567375183105469	-1.007245421409607	0.17746692895889282	0.027864310890436172	1.0	3	0.0	0	0.0	0	-0.4815879464149475	0.07754001766443253	-0.8729609251022339	-0.8624709248542786	-0.2188008576631546	0.4563661217689514	-0.15561795234680176	0.972683846950531	0.17224785685539246
-0.2023913860321045	0.001453399658203125	-0.9044759273529053	0.19876982271671295	0.03265595808625221	1.0	3	0.0	0	0.0	0	-0.4815879464149475	0.07754001766443253	-0.8729609251022339	-0.8624709248542786	-0.2188008576631546	0.4563661217689514	-0.15561795234680176	0.972683846950531	0.17224785685539246
-0.016103506088256836	0.001453399658203125	-0.5961673259735107	0.24119137227535248	0.037258073687553406	1.0	3	0.0	0	0.0	0	0.0	-1.0	0.0	0.8755974173545837	0.0	0.4830416440963745	-0.4830416440963745	0.0	0.8755974173545837
-0.2023913860321045	0.001453399658203125	-0.698936939239502	0.21935614943504333	0.037258073687553406	1.0	3	0.0	0	0.0	0	0.0	-1.0	0.0	0.8755974173545837	0.0	0.4830416738986969	-0.4830416738986969	0.0	0.8755974173545837
-0.2023913860321045	0.001453399658203125	-0.9044759273529053	0.2091665267944336	0.018787693232297897	1.0	3	0.0	0	0.0	0	0.0	-1.0	0.0	0.8755974173545837	0.0	0.4830416142940521	-0.4830416142940521	0.0	0.8755974173545837
0.09482777118682861	3.7150418758392334	1.0178807973861694	0.3046875	0.91796875	1.0	7	0.0	0	0.0	0	0.18759673833847046	-0.7946509718894958	-0.5773537158966064	0.24556496739387512	0.6070665717124939	-0.7557565569877625	0.9510548114776611	-3.725290298461914e-07	0.3090221583843231
-0.06541621685028076	4.035539150238037	0.5246914625167847	0.35546875	0.8828125	1.0	7	0.0	0	0.0	0	0.18759673833847046	-0.7946509718894958	-0.5773537158966064	0.24556495249271393	0.6070665717124939	-0.7557565569877625	0.9510549306869507	-3.7252908668961027e-07	0.3090221583843231
0.5143609642982483	4.035539150238037	0.7130756378173828	0.35546875	0.953125	1.0	7	0.0	0	0.0	0	0.18759673833847046	-0.7946509718894958	-0.5773537158966064	0.24556496739387512	0.6070665717124939	-0.7557565569877625	0.9510548114776611	-3.725290298461914e-07	0.3090221583843231
0.5143609642982483	4.035539150238037	0.7130756378173828	0.35546875	0.953125	1.0	7	0.0	0	0.0	0	0.6070649027824402	-0.7946522831916809	0.0	0.3157666027545929	0.24122606217861176	-0.9176609516143799	0.7292212843894958	0.5570796728134155	0.3973644971847534
0.5143609642982483	4.035539150238037	1.3226860761642456	0.2890625	0.9765625	1.0	7	0.0	0	0.0	0	0.6070649027824402	-0.7946522831916809	0.0	0.3157666027545929	0.24122603237628937	-0.9176608324050903	0.7292212843894958	0.5570796728134155	0.3973644971847534
0.09482777118682861	3.7150418758392334	1.0178807973861694	0.3046875	0.91796875	1.0	7	0.0	0	0.0	0	0.6070649027824402	-0.7946522831916809	0.0	0.3157666027545929	0.24122606217861176	-0.9176609516143799	0.7292212843894958	0.5570796728134155	0.3973644971847534
0.09482777118682861	3.7150418758392334	1.0178807973861694	0.3046875	0.91796875	1.0	7	0.0	0	0.0	0	-0.49112221598625183	-0.794651985168457	-0.35682931542396545	0.3235514760017395	0.2139183133840561	-0.9217122197151184	0.8087728023529053	-0.5681260228157043	0.15205079317092896
-0.4237474203109741	4.035539150238037	1.0178807973861694	0.2890625	0.86328125	0	0	0	0	0	0	-0.49112221598625183	-0.794651985168457	-0.35682931542396545	0.3235514760017395	0.21391834318637848	-0.9217122793197632	0.80877286195755	-0.5681260228157043	0.15205077826976776
-0.06541621685028076	4.035539150238037	0.5246914625167847	0.35546875	0.8828125	1.0	7	0.0	0	0.0	0	-0.49112221598625183	-0.794651985168457	-0.35682931542396545	0.3235515058040619	0.21391832828521729	-0.9217122793197632	0.80877286195755	-0.5681260228157043	0.15205082297325134
0.09482777118682861	3.7150418758392334	1.0178807973861694	0.3046875	0.91796875	1.0	7	0.0	0	0.0	0	-0.5083526372909546	-0.8225314021110535	0.25498998165130615	0.28019264340400696	-0.4379778802394867	-0.8542056679725647	0.8142909407615662	-0.36279141902923584	0.45311444997787476
-0.06541621685028076	4.035539150238037	1.732256293296814	0.2265625	0.92578125	1.0	7	0.0	0	0.0	0	-0.5083526372909546	-0.8225314021110535	0.25498998165130615	0.28019264340400696	-0.4379778802394867	-0.8542056679725647	0.8142909407615662	-0.36279141902923584	0.45311444997787476
-0.4237474203109741	4.035539150238037	1.0178807973861694	0.2890625	0.86328125	0	0	0	0	0	0	-0.5083526372909546	-0.8225314021110535	0.25498998165130615	0.28019264340400696	-0.4379779100418091	-0.8542057275772095	0.8142910003662109	-0.36279141902923584	0.45311447978019714
0.09482777118682861	3.7150418758392334	1.0178807973861694	0.3046875	0.91796875	1.0	7	0.0	0	0.0	0	0.3153722584247589	-0.8373995423316956	0.4464329481124878	0.28439897298812866	-0.3654141128063202	-0.886335015296936	0.9053494334220886	0.4064905643463135	0.12291409820318222
0.5143609642982483	4.035539150238037	1.3226860761642456	0.2890625	0.9765625	1.0	7	0.0	0	0.0	0	0.3153722584247589	-0.8373995423316956	0.4464329481124878	0.2843989431858063	-0.3654141426086426	-0.8863350749015808	0.9053494930267334	0.4064905643463135	0.12291405349969864
-0.06541621685028076	4.035539150238037	1.732256293296814	0.2265625	0.92578125	1.0	7	0.0	0	0.0	0	0.3153722584247589	-0.8373995423316956	0.4464329481124878	0.28439897298812866	-0.3654141426086426	-0.8863350749015808	0.9053494930267334	0.4064905643463135	0.12291408330202103
0.5143609642982483	4.035539150238037	0.7130756378173828	0.35546875	0.75	1.0	7	0.0	0	0.0	0	0.9922990798950195	0.12386565655469894	0.0	0.09473007172346115	-0.7588912844657898	-0.6442905068397522	-0.07980545610189438	0.6393287777900696	-0.7647808790206909
0.4780752658843994	4.326227188110352	1.041148066520691	0.30078125	0.7421875	1.0	7	0.0	0	0.0	0	0.9922990798950195	0.12386565655469894	0.0	0.09473007172346115	-0.7588912844657898	-0.6442905068397522	-0.07980545610189438	0.6393287777900696	-0.7647808790206909
0.5143609642982483	4.035539150238037	1.3226860761642456	0.29296875	0.69140625	1.0	7	0.0	0	0.0	0	0.9922990798950195	0.12386565655469894	0.0	0.09473007917404175	-0.7588913440704346	-0.6442905068397522	-0.07980545610189438	0.6393287777900696	-0.7647808790206909
-0.06541621685028076	4.035539150238037	0.5246914625167847	0.46484375	0.74609375	1.0	7	0.0	0	0.0	0	0.29860323667526245	-0.25747203826904297	-0.9189909100532532	0.9510549902915955	-4.664443054025469e-09	0.3090216815471649	-0.07956444472074509	-0.9662857055664062	0.24487003684043884
0.14507174491882324	4.2796525955200195	0.5246914625167847	0.51171875	0.70703125	1.0	7	0.0	0	0.0	0	0.29860323667526245	-0.25747203826904297	-0.9189909100532532	0.9510549902915955	3.0088216362855746e-09	0.30902165174484253	-0.07956443727016449	-0.966285765171051	0.24487006664276123
0.5143609642982483	4.035539150238037	0.7130756378173828	0.55859375	0.74609375	1.0	7	0.0	0	0.0	0	0.29860323667526245	-0.25747203826904297	-0.9189909100532532	0.9510549902915955	-4.664443054025469e-09	0.30902165174484253	-0.07956444472074509	-0.966285765171051	0.24487006664276123
-0.4237474203109741	4.035539150238037	1.0178807973861694	0.21484375	0.8203125	0	0	0	0	0	0	-0.6182256937026978	-0.64500892162323	-0.44917750358581543	0.0272323340177536	0.5535518527030945	-0.8323693871498108	0.7855287790298462	-0.5268242955207825	-0.3246549069881439
-0.5426108837127686	4.350826263427734	0.7287333011627197	0.2578125	0.80859375	1.0	7	0.0	0	0.0	0	-0.6182256937026978	-0.64500892162323	-0.44917750358581543	0.02723231539130211	0.5535518527030945	-0.832369327545166	0.7855287790298462	-0.5268242955207825	-0.3246549069881439
-0.06541621685028076	4.035539150238037	0.5246914625167847	0.2890625	0.8515625	1.0	7	0.0	0	0.0	0	-0.6182256937026978	-0.64500892162323	-0.44917750358581543	0.0272323340177536	0.5535518527030945	-0.8323693871498108	0.7855287790298462	-0.5268242955207825	-0.3246549069881439
-0.06541621685028076	4.035539150238037	1.732256293296814	0.19921875	0.72265625	1.0	7	0.0	0	0.0	0	-0.8102269768714905	-0.4223302900791168	0.4064103364944458	-0.5002992153167725	0.8595632910728455	-0.10417137295007706	-0.3053406774997711	-0.2877292335033417	-0.9077328443527222
-0.4347054958343506	4.34987735748291	1.3226860761642456	0.234375	0.7734375	1.0	7	0.0	0	0.0	0	-0.8102269768714905	-0.4223302900791168	0.4064103364944458	-0.5002992153167725	0.8595632910728455	-0.10417140275239944	-0.30534064769744873	-0.28772926330566406	-0.9077328443527222
-0.4237474203109741	4.035539150238037	1.0178807973861694	0.21484375	0.8203125	0	0	0	0	0	0	-0.8102269768714905	-0.4223302900791168	0.4064103364944458	-0.5002992153167725	0.8595632910728455	-0.10417140275239944	-0.30534064769744873	-0.28772926330566406	-0.9077328443527222
0.5143609642982483	4.035539150238037	1.3226860761642456	0.29296875	0.69140625	1.0	7	0.0	0	0.0	0	0.5668990612030029	0.18611429631710052	0.8024879693984985	0.6704570055007935	0.4617837369441986	-0.5807264447212219	-0.47865739464759827	0.8672469258308411	0.1370031237602234
0.176072359085083	4.4015302658081055	1.4767810106277466	0.26171875	0.73828125	1.0	7	0.0	0	0.0	0	0.5668990612030029	0.18611429631710052	0.8024879693984985	0.6704570651054382	0.4617837071418762	-0.5807265043258667	-0.4786573648452759	0.8672470450401306	0.1370030790567398
-0.06541621685028076	4.035539150238037	1.732256293296814	0.19921875	0.72265625	1.0	7	0.0	0	0.0	0	0.5668990612030029	0.18611429631710052	0.8024879693984985	0.6704570055007935	0.4617837071418762	-0.5807264447212219	-0.4786573648452759	0.8672469258308411	0.1370031237602234
0.5143609642982483	4.035539150238037	0.7130756378173828	0.53125	0.6484375	1.0	7	0.0	0	0.0	0	0.6409313082695007	0.6083321571350098	-0.4681229889392853	0.2393696904182434	-0.7378423810005188	-0.6311028003692627	-0.7293210625648499	0.2924391031265259	-0.618522584438324
0.14507174491882324	4.2796525955200195	0.5246914625167847	0.51171875	0.70703125	1.0	7	0.0	0	0.0	0	0.6409313082695007	0.6083321571350098	-0.4681229889392853	0.2393697053194046	-0.7378423810005188	-0.6311028003692627	-0.7293210625648499	0.2924391031265259	-0.618522584438324
0.4780752658843994	4.326227188110352	1.041148066520691	0.4765625	0.63671875	1.0	7	0.0	0	0.0	0	0.6409313082695007	0.6083321571350098	-0.4681229889392853	0.2393697202205658	-0.7378424406051636	-0.6311028003692627	-0.7293210625648499	0.2924390435218811	-0.618522584438324
-0.06541621685028076	4.035539150238037	0.5246914625167847	0.2890625	0.8515625	1.0	7	0.0	0	0.0	0	-0.25632384419441223	0.22101642191410065	-0.9409834742546082	0.9590420126914978	-0.06327787786722183	-0.2761055827140808	-0.12056730687618256	-0.9732151627540588	-0.19574441015720367
-0.5426108837127686	4.350826263427734	0.7287333011627197	0.2578125	0.80859375	1.0	7	0.0	0	0.0	0	-0.25632384419441223	0.22101642191410065	-0.9409834742546082	0.9590420126914978	-0.06327788531780243	-0.2761055827140808	-0.12056731432676315	-0.9732151627540588	-0.19574441015720367
0.14507174491882324	4.2796525955200195	0.5246914625167847	0.3359375	0.8125	1.0	7	0.0	0	0.0	0	-0.25632384419441223	0.22101642191410065	-0.9409834742546082	0.9590420722961426	-0.06327788531780243	-0.2761055827140808	-0.12056729942560196	-0.9732151031494141	-0.19574439525604248
-0.4237474203109741	4.035539150238037	1.0178807973861694	0.21484375	0.8203125	0	0	0	0	0	0	-0.9634659886360168	-0.20300047099590302	0.17471176385879517	-0.2577399015426636	0.5253670811653137	-0.8109005093574524	0.07282537966966629	-0.8263052105903625	-0.5584946274757385
-0.4347054958343506	4.34987735748291	1.3226860761642456	0.234375	0.7734375	1.0	7	0.0	0	0.0	0	-0.9634659886360168	-0.20300047099590302	0.17471176385879517	-0.2577399015426636	0.5253670811653137	-0.8109005093574524	0.07282537966966629	-0.8263052105903625	-0.5584946274757385
-0.5426108837127686	4.350826263427734	0.7287333011627197	0.2578125	0.80859375	1.0	7	0.0	0	0.0	0	-0.9634659886360168	-0.20300047099590302	0.17471176385879517	-0.2577399015426636	0.5253670811653137	-0.8109005093574524	0.07282537966966629	-0.8263052105903625	-0.5584946274757385
-0.06541621685028076	4.035539150238037	1.732256293296814	0.19921875	0.72265625	1.0	7	0.0	0	0.0	0	-0.23630011081695557	0.6561710238456726	0.7166602611541748	0.7651996612548828	0.5802233219146729	-0.2789452373981476	-0.5988587737083435	0.4824734032154083	-0.6392086744308472
0.176072359085083	4.4015302658081055	1.4767810106277466	0.26171875	0.73828125	1.0	7	0.0	0	0.0	0	-0.23630011081695557	0.6561710238456726	0.7166602611541748	0.765199601650238	0.5802232623100281	-0.2789452075958252	-0.5988587141036987	0.4824734032154083	-0.6392086744308472
-0.4347054958343506	4.34987735748291	1.3226860761642456	0.234375	0.7734375	1.0	7	0.0	0	0.0	0	-0.23630011081695557	0.6561710238456726	0.7166602611541748	0.7651996612548828	0.5802232623100281	-0.2789452075958252	-0.5988587141036987	0.4824734032154083	-0.6392086148262024
0.5143609642982483	4.035539150238037	1.3226860761642456	0.29296875	0.69140625	1.0	7	0.0	0	0.0	0	0.7461354732513428	0.5089136958122253	0.42928868532180786	0.5824770331382751	-0.18664030730724335	-0.7911295294761658	-0.3224940896034241	0.8403406143188477	-0.4356894791126251
0.4780752658843994	4.326227188110352	1.041148066520691	0.30078125	0.7421875	1.0	7	0.0	0	0.0	0	0.7461354732513428	0.5089136958122253	0.42928868532180786	0.5824770331382751	-0.18664030730724335	-0.7911295294761658	-0.3224940896034241	0.8403406143188477	-0.4356894791126251
0.176072359085083	4.4015302658081055	1.4767810106277466	0.26171875	0.73828125	1.0	7	0.0	0	0.0	0	0.7461354732513428	0.5089136958122253	0.42928868532180786	0.5824770331382751	-0.18664030730724335	-0.7911295294761658	-0.3224940896034241	0.8403406143188477	-0.4356894791126251
0.14507174491882324	4.2796525955200195	0.5246914625167847	0.3359375	0.8125	1.0	7	0.0	0	0.0	0	0.3932510018348694	0.8578141331672668	-0.330920934677124	0.738906979560852	-0.5090444684028625	-0.441463828086853	-0.5471473336219788	-0.07091370970010757	-0.8340270519256592
-0.015172243118286133	4.543372631072998	1.0178807973861694	0.2734375	0.7734375	1.0	7	0.0	0	0.0	0	0.3932510018348694	0.8578141331672668	-0.330920934677124	0.7389069199562073	-0.5090444684028625	-0.441463828086853	-0.5471473336219788	-0.07091369479894638	-0.8340269923210144
0.4780752658843994	4.326227188110352	1.041148066520691	0.30078125	0.7421875	1.0	7	0.0	0	0.0	0	0.3932510018348694	0.8578141331672668	-0.330920934677124	0.738906979560852	-0.5090444684028625	-0.4414638578891754	-0.5471473336219788	-0.07091369479894638	-0.8340270519256592
-0.5426108837127686	4.350826263427734	0.7287333011627197	0.2578125	0.80859375	1.0	7	0.0	0	0.0	0	-0.053309325128793716	0.873283863067627	-0.4842865467071533	0.9724264740943909	-0.06486382335424423	-0.2240077257156372	-0.22703500092029572	-0.4828747510910034	-0.8457465171813965
-0.015172243118286133	4.543372631072998	1.0178807973861694	0.2734375	0.7734375	1.0	7	0.0	0	0.0	0	-0.053309325128793716	0.873283863067627	-0.4842865467071533	0.9724264740943909	-0.06486382335424423	-0.2240077257156372	-0.22703500092029572	-0.4828747510910034	-0.8457465171813965
0.14507174491882324	4.2796525955200195	0.5246914625167847	0.3359375	0.8125	1.0	7	0.0	0	0.0	0	-0.053309325128793716	0.873283863067627	-0.4842865467071533	0.9724264740943909	-0.06486382335424423	-0.2240077257156372	-0.22703500092029572	-0.4828747510910034	-0.8457465171813965
-0.4347054958343506	4.34987735748291	1.3226860761642456	0.234375	0.7734375	1.0	7	0.0	0	0.0	0	-0.3755897283554077	0.9241605401039124	0.06971108913421631	0.7579734921455383	0.34958916902542114	-0.550693690776825	-0.5332996845245361	-0.15399575233459473	-0.8317914009094238
-0.015172243118286133	4.543372631072998	1.0178807973861694	0.2734375	0.7734375	1.0	7	0.0	0	0.0	0	-0.3755897283554077	0.9241605401039124	0.06971108913421631	0.7579734921455383	0.34958916902542114	-0.550693690776825	-0.5332996845245361	-0.15399575233459473	-0.8317914009094238
-0.5426108837127686	4.350826263427734	0.7287333011627197	0.2578125	0.80859375	1.0	7	0.0	0	0.0	0	-0.3755897283554077	0.9241605401039124	0.06971108913421631	0.7579734325408936	0.34958916902542114	-0.550693690776825	-0.5332996845245361	-0.15399575233459473	-0.831791341304779
0.176072359085083	4.4015302658081055	1.4767810106277466	0.26171875	0.73828125	1.0	7	0.0	0	0.0	0	-0.1671469360589981	0.9201603531837463	0.35407188534736633	0.7579735517501831	0.3495892286300659	-0.5506937503814697	-0.6305062770843506	0.1763303428888321	-0.7558899521827698
-0.015172243118286133	4.543372631072998	1.0178807973861694	0.2734375	0.7734375	1.0	7	0.0	0	0.0	0	-0.1671469360589981	0.9201603531837463	0.35407188534736633	0.7579734921455383	0.34958919882774353	-0.5506937503814697	-0.6305062770843506	0.1763303279876709	-0.755889892578125
-0.4347054958343506	4.34987735748291	1.3226860761642456	0.234375	0.7734375	1.0	7	0.0	0	0.0	0	-0.1671469360589981	0.9201603531837463	0.35407188534736633	0.7579734325408936	0.3495892286300659	-0.5506937503814697	-0.6305062770843506	0.1763303279876709	-0.7558898329734802
0.4780752658843994	4.326227188110352	1.041148066520691	0.30078125	0.7421875	1.0	7	0.0	0	0.0	0	0.39554691314697266	0.9109964966773987	0.11673930287361145	0.6330550312995911	-0.17833778262138367	-0.753284215927124	-0.6654201745986938	0.37186160683631897	-0.6472518444061279
-0.015172243118286133	4.543372631072998	1.0178807973861694	0.2734375	0.7734375	1.0	7	0.0	0	0.0	0	0.39554691314697266	0.9109964966773987	0.11673930287361145	0.6330550312995911	-0.17833779752254486	-0.7532841563224792	-0.6654201745986938	0.3718615770339966	-0.6472518444061279
0.176072359085083	4.4015302658081055	1.4767810106277466	0.26171875	0.73828125	1.0	7	0.0	0	0.0	0	0.39554691314697266	0.9109964966773987	0.11673930287361145	0.6330549716949463	-0.17833776772022247	-0.7532841563224792	-0.6654202342033386	0.37186160683631897	-0.6472518444061279
0.46118664741516113	4.294363498687744	1.018072247505188	0.03125	0.65625	0	0	0	0	0	0	1.0	0.0	0.0	0.0	0.0	-1.0	0.0	1.0	0.0
0.46118664741516113	2.294363498687744	-0.2649661600589752	0.140625	0.4375	0	0	0	0	0	0	1.0	0.0	0.0	0.0	0.0	-1.0	0.0	1.0	0.0
0.46118664741516113	4.294363498687744	-0.9819278717041016	0.1875	0.65625	0	0	0	0	0	0	1.0	0.0	0.0	0.0	0.0	-1.0	0.0	1.0	0.0
0.46118664741516113	2.294363498687744	0.30111053586006165	0.078125	0.4375	0	0	0	0	0	0	0.0	-0.3374532163143158	0.9413423538208008	0.8971355557441711	-0.41584309935569763	-0.14907178282737732	0.441755473613739	0.8445116877555847	0.30274128913879395
-0.016103506088256836	4.294363498687744	1.018072247505188	0.00031725282315164804	0.6887549757957458	0	0	0	0	0	0	0.0	-0.3374532163143158	0.9413423538208008	0.8971354961395264	-0.41584306955337524	-0.14907178282737732	0.4417554438114166	0.8445116281509399	0.30274125933647156
-0.016103506088256836	2.294363498687744	0.30111053586006165	0.0546875	0.40625	0	0	0	0	0	0	0.0	-0.3374532163143158	0.9413423538208008	0.8971354961395264	-0.41584309935569763	-0.14907178282737732	0.441755473613739	0.8445116281509399	0.30274125933647156
0.46118664741516113	4.294363498687744	-0.9819278717041016	0.1875	0.65625	0	0	0	0	0	0	0.0	-0.3374532163143158	-0.9413423538208008	-0.8963536024093628	-0.41733455657958984	0.14960645139217377	-0.44333985447883606	0.8437756299972534	-0.3024774193763733
-0.016103506088256836	2.294363498687744	-0.2649661600589752	0.16015625	0.40625	0	0	0	0	0	0	0.0	-0.3374532163143158	-0.9413423538208008	-0.896353542804718	-0.41733455657958984	0.14960645139217377	-0.44333988428115845	0.8437755703926086	-0.3024773895740509
-0.016103506088256836	4.294363498687744	-0.9819278717041016	0.21875	0.6875	0	0	0	0	0	0	0.0	-0.3374532163143158	-0.9413423538208008	-0.8963536620140076	-0.4173346161842346	0.14960646629333496	-0.44333985447883606	0.8437755703926086	-0.3024773895740509
0.46118664741516113	2.294363498687744	-0.2649661600589752	0.140625	0.4375	0	0	0	0	0	0	0.0	-1.0	0.0	0.0	0.0	-1.0	1.0	0.0	0.0
-0.016103506088256836	2.294363498687744	0.30111053586006165	0.0546875	0.40625	0	0	0	0	0	0	0.0	-1.0	0.0	0.0	0.0	-1.0	1.0	0.0	0.0
-0.016103506088256836	2.294363498687744	-0.2649661600589752	0.16015625	0.40625	0	0	0	0	0	0	0.0	-1.0	0.0	0.0	0.0	-1.0	1.0	0.0	0.0
0.46118664741516113	4.294363498687744	1.018072247505188	0.03125	0.65625	0	0	0	0	0	0	0.0	1.0	0.0	-0.007839376106858253	0.0	-0.9999692440032959	-0.9999692440032959	0.0	0.007839376106858253
-0.016103506088256836	4.294363498687744	-0.9819278717041016	0.21875	0.6875	0	0	0	0	0	0	0.0	1.0	0.0	-0.0013740640133619308	0.0	-0.9999991059303284	-0.9999991059303284	0.0	0.0013740640133619308
-0.016103506088256836	4.294363498687744	1.018072247505188	0.00031725282315164804	0.6887549757957458	0	0	0	0	0	0	0.0	1.0	0.0	-0.00921339076012373	0.0	-0.9999575614929199	-0.9999575614929199	0.0	0.00921339076012373
-0.016103506088256836	4.294363498687744	1.018072247505188	0.65234375	0.01171875	0	0	0	0	0	0	1.0	0.0	0.0	0.0	0.0	-1.0	0.0	1.0	0.0
-0.016103506088256836	2.294363498687744	-0.2649661600589752	0.78515625	0.21484375	0	0	0	0	0	0	1.0	0.0	0.0	0.0	0.0	-1.0	0.0	1.0	0.0
-0.016103506088256836	4.294363498687744	-0.9819278717041016	0.859375	0.01171875	0	0	0	0	0	0	1.0	0.0	0.0	0.0	0.0	-1.0	0.0	1.0	0.0
-0.4933936595916748	2.294363498687744	-0.2649661600589752	0.328125	0.65625	0	0	0	0	0	0	-1.0	0.0	0.0	0.0	0.0	-1.0	0.0	-1.0	0.0
-0.4933936595916748	4.294363498687744	1.018072247505188	0.21875	0.4375	0	0	0	0	0	0	-1.0	0.0	0.0	0.0	0.0	-1.0	0.0	-1.0	0.0
-0.4933936595916748	4.294363498687744	-0.9819278717041016	0.375	0.4375	0	0	0	0	0	0	-1.0	0.0	0.0	0.0	0.0	-1.0	0.0	-1.0	0.0
-0.016103506088256836	4.294363498687744	1.018072247505188	0.1875	0.40625	0	0	0	0	0	0	0.0	-0.3374532163143158	0.9413423538208008	-0.896353542804718	-0.4173346161842346	-0.14960646629333496	0.4433399438858032	-0.8437755703926086	-0.3024773895740509
-0.4933936595916748	2.294363498687744	0.30111053586006165	0.265625	0.65625	0	0	0	0	0	0	0.0	-0.3374532163143158	0.9413423538208008	-0.8963536024093628	-0.4173346161842346	-0.14960646629333496	0.4433399438858032	-0.8437756299972534	-0.3024774193763733
-0.016103506088256836	2.294363498687744	0.30111053586006165	0.25	0.6875	0	0	0	0	0	0	0.0	-0.3374532163143158	0.9413423538208008	-0.8963536620140076	-0.4173346161842346	-0.14960646629333496	0.44333985447883606	-0.8437755703926086	-0.3024773895740509
-0.016103506088256836	2.294363498687744	-0.2649661600589752	0.3515625	0.6875	0	0	0	0	0	0	0.0	-0.3374532163143158	-0.9413423538208008	0.896353542804718	-0.41733455657958984	0.14960645139217377	-0.44333988428115845	-0.8437755703926086	0.3024773895740509
-0.4933936595916748	4.294363498687744	-0.9819278717041016	0.375	0.4375	0	0	0	0	0	0	0.0	-0.3374532163143158	-0.9413423538208008	0.8963536024093628	-0.41733455657958984	0.14960645139217377	-0.44333985447883606	-0.8437756299972534	0.3024774193763733
-0.016103506088256836	4.294363498687744	-0.9819278717041016	0.40625	0.40625	0	0	0	0	0	0	0.0	-0.3374532163143158	-0.9413423538208008	0.8963536620140076	-0.4173346161842346	0.14960646629333496	-0.44333985447883606	-0.8437755703926086	0.3024773895740509
-0.016103506088256836	2.294363498687744	0.30111053586006165	0.25	0.6875	0	0	0	0	0	0	0.0	-1.0	0.0	0.0	0.0	-1.0	1.0	0.0	0.0
-0.4933936595916748	2.294363498687744	-0.2649661600589752	0.328125	0.65625	0	0	0	0	0	0	0.0	-1.0	0.0	0.0	0.0	-1.0	1.0	0.0	0.0
-0.016103506088256836	2.294363498687744	-0.2649661600589752	0.3515625	0.6875	0	0	0	0	0	0	0.0	-1.0	0.0	0.0	0.0	-1.0	1.0	0.0	0.0
-0.016103506088256836	4.294363498687744	-0.9819278717041016	0.40625	0.40625	0	0	0	0	0	0	0.0	1.0	0.0	0.0	0.0	-1.0	-1.0	0.0	0.0
-0.4933936595916748	4.294363498687744	1.018072247505188	0.21875	0.4375	0	0	0	0	0	0	0.0	1.0	0.0	0.0	0.0	-1.0	-1.0	0.0	0.0
-0.016103506088256836	4.294363498687744	1.018072247505188	0.1875	0.40625	0	0	0	0	0	0	0.0	1.0	0.0	0.0	0.0	-1.0	-1.0	0.0	0.0
0.09482777118682861	3.7150418758392334	-0.981736421585083	0.87109375	0.73828125	1.0	5	0.0	0	0.0	0	0.1875968724489212	-0.7946509718894958	0.577353835105896	-0.2455650418996811	-0.6070666909217834	-0.7557564377784729	0.9510548710823059	-3.874302478834579e-07	-0.30902227759361267
0.5143609642982483	4.035539150238037	-0.6769313812255859	0.8203125	0.7734375	1.0	5	0.0	0	0.0	0	0.1875968724489212	-0.7946509718894958	0.577353835105896	-0.2455650269985199	-0.6070666909217834	-0.7557564377784729	0.9510548710823059	-3.874302478834579e-07	-0.30902227759361267
-0.06541621685028076	4.035539150238037	-0.48854711651802063	0.8203125	0.703125	1.0	5	0.0	0	0.0	0	0.1875968724489212	-0.7946509718894958	0.577353835105896	-0.2455650269985199	-0.6070666909217834	-0.7557564377784729	0.9510548710823059	-3.874302478834579e-07	-0.30902227759361267
0.5143609642982483	4.035539150238037	-0.6769313812255859	0.8203125	0.7734375	1.0	5	0.0	0	0.0	0	0.6070649027824402	-0.7946523427963257	0.0	-0.31576672196388245	-0.24122612178325653	-0.9176607728004456	0.7292212247848511	0.5570796728134155	-0.39736467599868774
0.09482777118682861	3.7150418758392334	-0.981736421585083	0.87109375	0.73828125	1.0	5	0.0	0	0.0	0	0.6070649027824402	-0.7946523427963257	0.0	-0.31576672196388245	-0.24122612178325653	-0.9176607728004456	0.7292212247848511	0.5570796728134155	-0.39736467599868774
0.5143609642982483	4.035539150238037	-1.28654146194458	0.88671875	0.796875	1.0	5	0.0	0	0.0	0	0.6070649027824402	-0.7946523427963257	0.0	-0.31576672196388245	-0.24122612178325653	-0.9176607728004456	0.7292212247848511	0.5570796728134155	-0.39736467599868774
0.09482777118682861	3.7150418758392334	-0.981736421585083	0.87109375	0.73828125	1.0	5	0.0	0	0.0	0	-0.49112218618392944	-0.7946519255638123	0.35682934522628784	-0.2839409410953522	-0.24122360348701477	-0.9280025362968445	0.8235147595405579	-0.5570811629295349	-0.10716396570205688
-0.06541621685028076	4.035539150238037	-0.48854711651802063	0.8203125	0.703125	1.0	5	0.0	0	0.0	0	-0.49112218618392944	-0.7946519255638123	0.35682934522628784	-0.2839409410953522	-0.24122360348701477	-0.9280025362968445	0.8235147595405579	-0.5570811629295349	-0.10716396570205688
-0.4237474203109741	4.035539150238037	-0.981736421585083	0.88671875	0.6796875	0	0	0	0	0	0	-0.49112218618392944	-0.7946519255638123	0.35682934522628784	-0.2839409410953522	-0.24122360348701477	-0.9280025362968445	0.8235147595405579	-0.5570811629295349	-0.10716396570205688
